Analysis of AR Gene Conversion Tracts
Testing homoegeneity of tract lengths among regions
Method: Permute Tract Assignment to Region


Region  Observed P(Permuted<Obs) P(Permuted>Obs)
 1        3240.0         1.00000         0.00000
 2        1064.0         1.00000         0.00000
 3         195.0         1.00000         0.00000
 4          81.0         0.00000         1.00000
 5          57.0         0.00000         1.00000
 6         111.0         0.46700         0.53300
 7          78.0         0.00000         1.00000
 8          65.0         0.00000         1.00000
 9          57.0         0.00000         1.00000
10          62.0         0.00000         1.00000
11          99.0         0.00600         0.99400
12         150.0         0.98900         0.01100
13         164.0         0.97540         0.02460
14         362.5         1.00000         0.00000


Region  Minimum Maximum
 1         76.0   163.0
 2         74.0   168.0
 3        102.0   129.0
 4         85.0   141.0
 5         79.5   174.0
 6         56.0   241.0
 7         87.0   143.0
 8        100.0   129.0
 9         81.0   152.5
10         83.0   155.0
11         90.0   139.0
12         70.0   178.0
13         49.0   225.0
14         90.0   138.5

Random seed =         -364930
