Analysis of CH Gene Conversion Tracts
Testing homoegeneity of tract lengths among regions
Method: Permute Tract Assignment to Region


Region  Observed P(Permuted<Obs) P(Permuted>Obs)
 1        2092.0         1.00000         0.00000
 2         412.0         1.00000         0.00000
 3         339.0         1.00000         0.00000
 4         137.0         0.00900         0.99100
 5         123.0         0.00000         1.00000
 6         119.0         0.11280         0.88720
 7          86.0         0.00000         1.00000
 8         109.0         0.00000         1.00000
 9         132.0         0.01090         0.98910
10         125.0         0.00510         0.99490
11         113.5         0.00000         1.00000
12         178.0         0.73040         0.26960
13         141.5         0.27410         0.72590
14         478.5         1.00000         0.00000


Region  Minimum Maximum
 1        100.5   254.0
 2         94.0   281.0
 3        144.0   183.0
 4        123.0   212.0
 5        131.0   195.5
 6         47.0   359.0
 7        124.0   204.5
 8        138.5   191.0
 9        117.0   227.0
10        110.0   241.0
11        118.0   212.5
12         78.0   338.0
13         66.0   329.5
14        118.0   213.5

Random seed =         -369137
