Analysis of PP Gene Conversion Tracts
Testing homoegeneity of tract lengths among regions
Method: Permute Tract Assignment to Region


Region  Observed P(Permuted<Obs) P(Permuted>Obs)
 1        1409.5         1.00000         0.00000
 2         977.0         1.00000         0.00000
 3          77.0         0.00000         1.00000
 4          73.0         0.00020         0.99980
 5          72.0         0.00050         0.99950
 6          51.0         0.00090         0.99910
 7          63.0         0.00000         1.00000
 8          86.0         0.00080         0.99920
 9          85.5         0.06450         0.93550
10          75.0         0.00650         0.99350
11          97.0         0.45580         0.54420
12         114.0         0.80350         0.19650
13         118.0         0.78740         0.21260
14         362.5         1.00000         0.00000


Region  Minimum Maximum
 1         59.0   144.0
 2         55.0   157.0
 3         81.0   115.5
 4         69.0   131.0
 5         66.0   144.0
 6         41.5   192.0
 7         68.0   141.0
 8         84.0   112.5
 9         72.0   132.0
10         58.5   139.0
11         72.0   132.0
12         43.0   197.0
13         33.0   261.0
14         75.0   124.5

Random seed =         -369872
