Region  1
      AR    CH    CU    PP    ST    TL
AR     0   147     0   116   101   112
CH   233     0     0   105    98   128
CU   251   145     0   106    85   116
PP   147   104     0     0    65    82
ST   116    83     0    58     0    45
TL   157    89     0    67    61     0

Region  2
      AR    CH    CU    PP    ST    TL
AR     0   127     0    78    75    84
CH   205     0     0    65    80    79
CU   164   126     0    75    74   102
PP   129    94     0     0    53    76
ST    76    43     0    40     0    41
TL   112    74     0    40    36     0

Region  3
      AR    CH    CU    PP    ST    TL
AR     0  1474     0   867   839  1107
CH  2051     0     0   840   885  1151
CU  1931  1368     0   833   825  1084
PP  1355  1005     0     0   580   738
ST  1016   652     0   376     0   562
TL  1201   908     0   553   508     0

Region  4
      AR    CH    CU    PP    ST    TL
AR     0   391     0   213   265   290
CH   559     0     0   204   244   297
CU   521   365     0   236   241   301
PP   379   273     0     0   154   208
ST   253   186     0   130     0   177
TL   327   240     0   158   160     0

Region  5
      AR    CH    CU    PP    ST    TL
AR     0   315     0   183   207   250
CH   451     0     0   204   192   278
CU   477   333     0   196   198   256
PP   316   219     0     0   150   148
ST   206   154     0    73     0   142
TL   289   198     0   109   118     0

Region  6
      AR    CH    CU    PP    ST    TL
AR     0    63     0    31    35    50
CH   103     0     0    34    36    49
CU    68    54     0    43    40    41
PP    66    33     0     0    24    32
ST    44    21     0    18     0    21
TL    51    35     0    31    13     0

Region  7
      AR    CH    CU    PP    ST    TL
AR     0   391     0   222   226   289
CH   651     0     0   253   223   328
CU   524   420     0   236   190   293
PP   380   254     0     0   149   224
ST   251   169     0   115     0   148
TL   332   249     0   136   155     0

Region  8
      AR    CH    CU    PP    ST    TL
AR     0  1108     0   711   782   957
CH  1694     0     0   743   784   952
CU  1659  1139     0   717   743   871
PP  1143   821     0     0   545   664
ST   829   549     0   349     0   426
TL  1007   713     0   472   393     0

Region  9
      AR    CH    CU    PP    ST    TL
AR     0   282     0   175   171   199
CH   400     0     0   166   172   220
CU   389   277     0   169   176   235
PP   262   198     0     0   120   160
ST   173   133     0    70     0   107
TL   245   173     0   109   102     0

Region 10
      AR    CH    CU    PP    ST    TL
AR     0   262     0   152   164   201
CH   336     0     0   141   172   199
CU   326   263     0   157   172   199
PP   254   176     0     0   123   128
ST   150   100     0    63     0    82
TL   238   136     0   100   102     0

Region 11
      AR    CH    CU    PP    ST    TL
AR     0   400     0   292   256   341
CH   620     0     0   260   315   366
CU   650   410     0   265   317   311
PP   435   303     0     0   186   266
ST   290   197     0   143     0   179
TL   370   272     0   177   171     0

Region 12
      AR    CH    CU    PP    ST    TL
AR     0   100     0    59    53    63
CH   142     0     0    52    47    78
CU   121    92     0    58    52    48
PP   109    62     0     0    38    50
ST    64    42     0    25     0    29
TL    65    57     0    38    32     0

Region 13
      AR    CH    CU    PP    ST    TL
AR     0    40     0    26    35    38
CH    73     0     0    24    39    39
CU    66    42     0    37    30    32
PP    44    35     0     0    20    41
ST    34    13     0    17     0    20
TL    35    37     0    18    26     0

Region 14
      AR    CH    CU    PP    ST    TL
AR     0   462     0   262   246   358
CH   653     0     0   320   307   389
CU   685   431     0   287   323   352
PP   428   311     0     0   208   243
ST   324   204     0   142     0   182
TL   424   293     0   203   175     0

Region 15
      AR    CH    CU    PP    ST    TL
AR     0  5562     0  3387  3455  4339
CH  8171     0     0  3411  3594  4553
CU  7832  5465     0  3415  3466  4241
PP  5447  3888     0     0  2415  3060
ST  3826  2546     0  1619     0  2161
TL  4853  3474     0  2211  2052     0

