Analysis of ST Gene Conversion Tracts
Testing homoegeneity of tract lengths among regions
Method: Permute Tract Assignment to Region


Region  Observed P(Permuted<Obs) P(Permuted>Obs)
 1        3369.0         1.00000         0.00000
 2         275.0         1.00000         0.00000
 3         131.0         0.70510         0.29490
 4          96.0         0.00020         0.99980
 5         112.0         0.10700         0.89300
 6          76.0         0.00620         0.99380
 7          66.0         0.00000         1.00000
 8         112.0         0.00000         1.00000
 9          89.0         0.00020         0.99980
10          92.0         0.00000         1.00000
11         179.0         1.00000         0.00000
12         173.0         0.97110         0.02890
13         328.5         0.99990         0.00010
14         460.0         1.00000         0.00000


Region  Minimum Maximum
 1         66.0   267.0
 2         62.0   241.0
 3        107.5   152.0
 4         91.0   172.0
 5         84.0   186.0
 6         59.0   300.0
 7         88.0   176.0
 8        112.0   152.5
 9         87.0   177.0
10         96.0   177.0
11         95.0   173.0
12         61.5   227.0
13         43.5   358.5
14         93.0   165.0

Random seed =         -369993
