Analysis of TL Gene Conversion Tracts
Testing homoegeneity of tract lengths among regions
Method: Permute Tract Assignment to Region


Region  Observed P(Permuted<Obs) P(Permuted>Obs)
 1        1834.0         1.00000         0.00000
 2         448.0         1.00000         0.00000
 3         140.0         1.00000         0.00000
 4         113.0         0.36680         0.63320
 5          76.0         0.00000         1.00000
 6          57.5         0.00000         1.00000
 7          72.0         0.00000         1.00000
 8          70.0         0.00000         1.00000
 9          69.5         0.00000         1.00000
10         105.5         0.15040         0.84960
11         145.0         0.99760         0.00240
12          92.5         0.09400         0.90600
13         153.0         0.92920         0.07080
14         462.0         1.00000         0.00000


Region  Minimum Maximum
 1         71.0   181.5
 2         64.0   213.0
 3        104.0   137.0
 4         85.0   160.0
 5         77.0   183.0
 6         61.0   216.0
 7         89.0   159.0
 8         95.0   139.0
 9         80.5   159.5
10         80.0   167.5
11         88.0   160.0
12         63.5   222.0
13         56.5   264.5
14         87.0   154.5

Random seed =         -370106
