  97
    75	0.01601
   160	0.01601
  1305	0.01601
   946	0.01601
   240	0.01601
   285	0.01601
   242	0.01601
  1115	0.01601
   604	0.01601
    29	0.01601
    76	0.01601
    33	0.01601
   451	0.01601
    67	0.01601
  2588	0.01601
   153	0.01601
  1949	0.01601
   205	0.01601
    92	0.01601
   121	0.01601
   323	0.01601
   318	0.01601
   231	0.01601
   835	0.01601
    42	0.01601
   244	0.01601
  1796	0.01601
   871	0.01601
    71	0.01601
   125	0.01601
    35	0.01601
   242	0.01601
   244	0.01601
   112	0.01601
   285	0.01601
   242	0.01601
   145	0.01601
   306	0.01601
    11	0.01601
    51	0.01601
    23	0.01601
    88	0.01601
    59	0.01601
  2900	0.01601
    68	0.01601
    11	0.01601
    42	0.01601
   163	0.01601
    73	0.01601
    26	0.01601
    69	0.01601
  1040	0.01601
   244	0.01601
     6	0.01601
   350	0.01601
   562	0.01601
  1101	0.01601
     4	0.01601
   608	0.01601
   864	0.01601
   196	0.01601
   259	0.01601
    67	0.01601
  1122	0.01601
   237	0.01601
  3485	0.01601
     2	0.01601
    25	0.01601
     9	0.01601
   120	0.01601
    93	0.01601
    23	0.01601
   184	0.01601
    26	0.01601
   363	0.01601
    22	0.01601
    20	0.01601
   984	0.01601
    45	0.01601
     6	0.01601
    93	0.01601
   163	0.01601
    73	0.01601
    93	0.01601
   491	0.01601
    65	0.01601
   843	0.01601
     9	0.01601
    63	0.01601
    35	0.01601
    25	0.01601
     4	0.01601
   742	0.01601
    45	0.01601
    65	0.01601
     6	0.01601
   729	0.01601
    259516
   24
