 731
  1176	0.00933
    13	0.00933
   731	0.00933
    44	0.00933
   101	0.00933
     5	0.00933
    32	0.00933
   285	0.00933
   314	0.00933
    40	0.00933
   122	0.00933
   597	0.00933
   994	0.00933
    32	0.00933
    67	0.00933
     3	0.00933
    52	0.00933
    18	0.00933
     3	0.00933
   408	0.00933
     7	0.00933
  1463	0.00933
   153	0.00933
   152	0.00933
  1748	0.00933
    34	0.00933
   311	0.00933
   347	0.00933
    75	0.00933
  3496	0.00933
  3606	0.00933
   545	0.00933
    23	0.00933
   425	0.00933
   271	0.00933
   215	0.00933
   260	0.00933
   286	0.00933
    57	0.00933
    42	0.00933
   178	0.00933
   121	0.00933
  2167	0.00933
   241	0.00933
   492	0.00933
  1946	0.00933
  1870	0.00933
   612	0.00933
   244	0.00933
   359	0.00933
    65	0.00933
    41	0.00933
  1861	0.00933
    25	0.00933
    86	0.00933
   633	0.00933
  2251	0.00933
    14	0.00933
   190	0.00933
    16	0.00933
     6	0.00933
   360	0.00933
     8	0.00933
   180	0.00933
     7	0.00767
    77	0.00767
  1185	0.00767
    44	0.00767
   105	0.00767
   247	0.00767
     2	0.00767
    17	0.00767
   653	0.00767
     2	0.00767
   577	0.00767
     8	0.00767
    37	0.00767
    55	0.00767
     9	0.00767
   403	0.00767
   146	0.00767
   259	0.00767
     3	0.00767
   717	0.00767
   188	0.00767
   113	0.00767
  1117	0.00767
    35	0.00767
   267	0.00767
   152	0.00767
   146	0.00767
   250	0.00767
   560	0.00767
   905	0.00767
     8	0.00767
   319	0.00767
  1219	0.00767
     2	0.00767
    95	0.00767
    75	0.00767
   149	0.00767
   449	0.00767
  2427	0.00767
   147	0.00767
    74	0.00767
    49	0.00767
   507	0.00767
    12	0.00767
    17	0.00767
     3	0.00767
   834	0.00767
     2	0.00767
   442	0.00767
    67	0.00767
   299	0.00767
     2	0.00767
    28	0.00767
     9	0.00767
    67	0.00767
   479	0.00767
   786	0.00767
   132	0.00767
    91	0.00767
    14	0.00767
   358	0.00767
    97	0.00767
   216	0.00767
   525	0.00767
   501	0.00829
    85	0.00829
    78	0.00829
     2	0.00829
   235	0.00829
     7	0.00829
  1325	0.00829
   315	0.00829
   663	0.00829
   506	0.00829
   172	0.00829
     2	0.00829
    91	0.00829
    37	0.00829
    10	0.00829
   329	0.00829
   630	0.00829
   849	0.00829
    64	0.00829
   634	0.00829
   540	0.00829
   229	0.00829
    56	0.00829
   179	0.00829
    21	0.00829
    49	0.00829
  1104	0.00829
     2	0.00829
     9	0.00829
   405	0.00829
    19	0.00829
    12	0.00829
   118	0.00829
    74	0.00829
   474	0.00829
   218	0.00829
    15	0.00829
     3	0.00829
   181	0.00829
    69	0.00829
    61	0.00829
    31	0.00829
    96	0.00829
    21	0.00829
     9	0.00829
    12	0.00829
   325	0.00829
     3	0.00829
   805	0.00829
     3	0.00829
    97	0.00829
   358	0.00829
     7	0.00829
   605	0.00829
    16	0.00829
   141	0.00829
     4	0.00829
   114	0.00829
   237	0.00829
   267	0.00829
    19	0.00829
    11	0.00829
   289	0.00829
     3	0.00829
   554	0.00829
  1121	0.00829
    11	0.00829
   134	0.01055
    36	0.01055
   416	0.01055
    24	0.01055
    72	0.01055
     8	0.01055
   293	0.01055
    80	0.01055
    51	0.01055
    10	0.01055
   483	0.01055
   410	0.01055
    17	0.01055
    23	0.01055
   152	0.01055
   603	0.01055
     7	0.01055
     3	0.01055
    36	0.01055
   430	0.01055
   257	0.01055
  1424	0.01055
   779	0.01055
    64	0.01055
   188	0.01055
    16	0.01055
    17	0.01055
   109	0.01055
   553	0.01055
   170	0.01055
    20	0.01055
    41	0.01055
   703	0.01055
   117	0.01055
   143	0.01055
   347	0.01055
   360	0.01055
   510	0.01055
    52	0.01055
    73	0.01055
   373	0.01055
    53	0.01055
    47	0.01055
    85	0.01055
   454	0.01055
     4	0.01055
    68	0.01055
    21	0.01055
     4	0.01055
    78	0.01055
    64	0.01055
    31	0.01055
     6	0.01055
     9	0.01055
   869	0.01055
   676	0.01055
     4	0.01055
  1255	0.01055
    34	0.01055
    23	0.01055
   100	0.01055
    37	0.01055
    39	0.01055
    22	0.01055
    13	0.01189
   163	0.01189
    27	0.01189
    77	0.01189
    17	0.01189
     4	0.01189
   196	0.01189
    87	0.01189
    23	0.01189
   158	0.01189
    19	0.01189
     5	0.01189
    82	0.01189
     7	0.01189
     2	0.01189
   165	0.01189
   521	0.01189
   336	0.01189
   963	0.01189
    77	0.01189
    46	0.01189
   223	0.01189
   461	0.01189
    74	0.01189
     2	0.01189
   181	0.01189
    42	0.01189
     8	0.01189
   153	0.01189
   513	0.01189
     3	0.01189
    23	0.01189
   200	0.01189
    25	0.01189
     3	0.01189
    64	0.01189
   102	0.01189
    14	0.01189
    41	0.01189
   133	0.01189
   113	0.01189
   526	0.01189
   173	0.01189
    47	0.01189
   324	0.01189
   272	0.01189
  1695	0.01189
     2	0.01189
     2	0.01189
    10	0.01189
    41	0.01189
   178	0.01189
  1438	0.01189
     3	0.00617
    50	0.00617
    61	0.00617
   728	0.00617
    80	0.00617
     2	0.00617
     2	0.00617
   192	0.00617
    97	0.00617
   363	0.00617
   853	0.00617
   166	0.00617
   919	0.00617
   292	0.00617
    12	0.00617
    66	0.00617
    97	0.00617
    71	0.00617
     9	0.00617
    54	0.00617
     2	0.00617
   215	0.00617
   160	0.00617
    31	0.00617
     2	0.00617
 12444	0.00617
   416	0.00617
     9	0.00617
    51	0.00617
    19	0.00617
   160	0.00617
     3	0.00617
   540	0.00617
  1697	0.00617
   328	0.00617
   279	0.00617
   446	0.00617
   193	0.00617
   185	0.00617
    57	0.00617
    28	0.00617
    54	0.00617
   142	0.00617
     8	0.00617
    56	0.00617
     3	0.00617
    51	0.00617
   181	0.00617
   248	0.00617
  1377	0.00779
    27	0.00779
    95	0.00779
    26	0.00779
   217	0.00779
   147	0.00779
    50	0.00779
   118	0.00779
    13	0.00779
     2	0.00779
   107	0.00779
   293	0.00779
    15	0.00779
  1082	0.00779
   149	0.00779
   312	0.00779
    24	0.00779
    21	0.00779
   111	0.00779
   161	0.00779
    50	0.00779
    89	0.00779
     5	0.00779
     8	0.00779
   381	0.00779
   369	0.00779
  1249	0.00779
    13	0.00779
    67	0.00779
   558	0.00779
    80	0.00779
   418	0.00779
  2809	0.00779
   264	0.00779
    91	0.00779
    31	0.00779
    25	0.00779
   276	0.00779
    12	0.00779
  1255	0.00779
    12	0.00779
   249	0.00779
    10	0.00779
    33	0.00779
    70	0.00779
  4500	0.00779
    69	0.00779
   249	0.00779
   267	0.00779
   149	0.00779
     9	0.00779
    54	0.00779
   349	0.00779
   154	0.00779
    72	0.00768
   886	0.00768
    12	0.00768
    32	0.00768
     4	0.00768
   234	0.00768
     2	0.00768
    30	0.00768
    64	0.00768
    74	0.00768
   641	0.00768
    74	0.00768
   132	0.00768
    10	0.00768
     5	0.00768
   165	0.00768
   112	0.00768
    83	0.00768
    97	0.00768
   248	0.00768
  1212	0.00768
   474	0.00768
   192	0.00768
    71	0.00768
    31	0.00768
   135	0.00768
  1399	0.00768
   903	0.00768
   172	0.00768
   317	0.00768
    14	0.00768
    73	0.00768
     7	0.00768
   140	0.00768
   426	0.00768
     4	0.00768
   360	0.00768
     6	0.00768
  2480	0.00768
     4	0.00768
    17	0.00768
    23	0.00768
   781	0.00768
    40	0.00768
    64	0.00768
    14	0.00768
  1775	0.00768
     6	0.00768
   224	0.00768
    28	0.00768
   461	0.00768
   805	0.00768
   172	0.00768
     2	0.00768
   285	0.00768
   226	0.00768
    92	0.00768
   723	0.00768
   311	0.00768
   321	0.00768
    30	0.00768
    20	0.00768
   921	0.00768
     2	0.00994
   162	0.00994
   222	0.00994
   441	0.00994
   193	0.00994
   463	0.00994
   118	0.00994
   213	0.00994
    63	0.00994
   145	0.00994
   529	0.00994
     7	0.00994
   215	0.00994
   507	0.00994
    12	0.00994
   172	0.00994
    22	0.00994
   755	0.00994
    71	0.00994
    21	0.00994
    50	0.00994
    88	0.00994
    36	0.00994
    97	0.00994
   348	0.00994
    23	0.00994
   262	0.00994
  1721	0.00994
   403	0.00994
   178	0.00994
   144	0.00994
    60	0.00994
   170	0.00994
    60	0.00994
     7	0.00994
   605	0.00994
    37	0.00994
    82	0.00994
   118	0.00994
    57	0.00994
     2	0.00994
    25	0.00994
    87	0.00994
    11	0.00994
    20	0.00994
   172	0.00830
    83	0.00830
     2	0.00830
     2	0.00830
    47	0.00830
     2	0.00830
   244	0.00830
    35	0.00830
    16	0.00830
   706	0.00830
   542	0.00830
    16	0.00830
  1125	0.00830
    81	0.00830
    27	0.00830
   376	0.00830
   296	0.00830
    19	0.00830
   385	0.00830
   200	0.00830
    85	0.00830
   138	0.00830
   364	0.00830
   886	0.00830
    29	0.00830
     2	0.00830
    39	0.00830
   635	0.00830
     5	0.00830
   161	0.00830
   614	0.00830
   172	0.00830
    23	0.00830
   180	0.00830
   228	0.00830
    26	0.00830
     7	0.00830
   187	0.00830
    67	0.00830
    50	0.00830
    74	0.00830
   107	0.00830
   505	0.00830
    29	0.00830
   175	0.00830
   114	0.00830
   154	0.00830
    10	0.00830
   318	0.00830
   370	0.00830
    16	0.00830
   510	0.00830
   396	0.00830
     5	0.00830
     8	0.00830
   576	0.00830
   282	0.00830
   192	0.00730
   187	0.00730
  5176	0.00730
     7	0.00730
    15	0.00730
     4	0.00730
   691	0.00730
   205	0.00730
   120	0.00730
  2042	0.00730
   268	0.00730
   253	0.00730
   347	0.00730
  1120	0.00730
    17	0.00730
    29	0.00730
    89	0.00730
   122	0.00730
   196	0.00730
  5952	0.00730
     2	0.00730
   345	0.00730
   405	0.00730
    46	0.00730
   107	0.00730
   581	0.00730
    19	0.00730
    25	0.00730
   179	0.00730
    16	0.00730
     4	0.00730
   157	0.00730
  1317	0.00730
    31	0.00730
   124	0.00730
   951	0.00730
     3	0.00730
   610	0.00730
    23	0.00730
   709	0.00730
   210	0.00730
   215	0.00730
   135	0.00730
   222	0.00730
   752	0.00730
    23	0.00730
    44	0.00730
     3	0.00730
   149	0.00730
   437	0.00730
    10	0.00730
   165	0.00730
    20	0.00730
   740	0.00730
   106	0.00730
    19	0.00730
    12	0.00730
  1393	0.00730
   670	0.00730
   195	0.00730
   634	0.00730
  1118	0.00730
   251	0.00730
   236	0.00730
    28	0.00881
   451	0.00881
  1377	0.00881
   525	0.00881
    12	0.00881
   255	0.00881
   107	0.00881
  3206	0.00881
    39	0.00881
    68	0.00881
   860	0.00881
   436	0.00881
  1698	0.00881
  1401	0.00881
  1797	0.00881
     4	0.00881
    23	0.00881
     2	0.00881
    16	0.00881
    28	0.00881
    29	0.00881
   435	0.00881
   487	0.00881
    13	0.00881
    41	0.00881
    48	0.00881
   441	0.00881
   193	0.00881
   554	0.00881
   134	0.00881
    23	0.00881
  1546	0.00881
   352	0.00881
   271	0.00881
   321	0.00881
    44	0.00881
   335	0.00881
   431	0.00881
   350	0.00881
    42	0.00881
   163	0.00881
   188	0.00881
    60	0.00881
   563	0.00881
   609	0.00881
   101	0.00881
    60	0.00881
   388	0.00881
    20	0.00881
   463	0.00881
   325	0.00881
    71	0.00881
   292	0.00881
   337	0.00881
     8	0.00881
   654	0.00881
    41	0.00881
    99	0.00881
   175	0.00881
   589	0.00881
  2298	0.00881
     3	0.00881
   978	0.00881
     6	0.00881
    26	0.00881
    55	0.00881
    48	0.00881
   140	0.00881
     3	0.00881
  1086	0.00881
   308	0.00881
    46	0.00881
   158	0.00881
  3885	0.00881
    11	0.00881
   764	0.00881
   151	0.00881
     4	0.00881
   123	0.00881
   423	0.00881
    79	0.00881
   200	0.00881
    38	0.00881
   622	0.00881
   434	0.00881
    58	0.00881
   909	0.00881
   3314151
   19
