 229
   310	0.01430
   131	0.01430
     3	0.01430
   133	0.01430
     4	0.01430
     2	0.01430
   104	0.01430
    99	0.01430
    47	0.01430
   202	0.01430
  1504	0.01430
   151	0.01430
   605	0.01430
   116	0.01430
     3	0.01430
    19	0.01430
    31	0.01430
    46	0.01430
  1413	0.01430
   298	0.01430
   625	0.01430
   468	0.01430
     7	0.01430
  1738	0.01430
   225	0.01430
     2	0.01430
    15	0.01430
    15	0.01430
    81	0.01430
    18	0.01430
     4	0.01430
   289	0.01430
    67	0.01649
     3	0.01649
    53	0.01649
    84	0.01649
  1158	0.01649
   102	0.01649
   143	0.01649
     5	0.01649
    57	0.01649
    34	0.01649
    58	0.01649
    15	0.01649
   395	0.01649
    20	0.01649
     7	0.01649
    57	0.01649
  2365	0.01649
   293	0.01649
   527	0.01649
    39	0.01649
    32	0.01649
    29	0.01649
   151	0.01649
   828	0.01649
     2	0.01649
    22	0.01649
    31	0.01649
    24	0.01649
    15	0.01649
   434	0.01649
   135	0.01649
     2	0.01649
    84	0.01649
   972	0.01649
   360	0.01649
     5	0.01649
   149	0.01649
     8	0.01649
    39	0.01649
    70	0.01372
    86	0.01372
   114	0.01372
  1388	0.01372
   348	0.01372
  1249	0.01372
    92	0.01372
    27	0.01372
   118	0.01372
   520	0.01372
   245	0.01372
   190	0.01372
   258	0.01372
   139	0.01372
    35	0.01372
   191	0.01372
    88	0.01372
   241	0.01372
    29	0.01372
    35	0.01372
    16	0.01372
   474	0.01372
   163	0.01372
    84	0.01372
   272	0.01372
     6	0.01372
   122	0.01372
    16	0.01372
   120	0.01372
    20	0.01372
  4423	0.01372
   247	0.01372
   485	0.01372
    46	0.01372
   270	0.01372
    46	0.01372
   240	0.01372
   596	0.01372
  4175	0.01372
   612	0.01372
    82	0.01372
     6	0.01372
    39	0.01372
    32	0.01372
    13	0.01372
    45	0.01372
   407	0.01372
    22	0.01372
    28	0.01372
    61	0.00774
    89	0.00774
   133	0.00774
   154	0.00774
    33	0.00774
   336	0.00774
  1061	0.00774
   792	0.00774
   157	0.00774
    15	0.00774
    18	0.00774
    11	0.00774
    20	0.00774
   787	0.00774
    59	0.00774
  1333	0.00774
    10	0.00774
   284	0.00774
   319	0.00774
   868	0.00774
   201	0.00774
   190	0.00774
    78	0.00774
  4321	0.00774
   151	0.00774
    67	0.00774
    39	0.00774
    10	0.00774
  1691	0.00774
   302	0.00774
    23	0.00774
    71	0.00774
   327	0.00774
  3171	0.00774
   594	0.00774
    48	0.00774
  1441	0.00774
    74	0.00774
   224	0.00774
   307	0.00774
    25	0.00774
     6	0.00774
   228	0.00774
   266	0.00774
     5	0.00774
   754	0.00774
    54	0.00774
    14	0.00774
   921	0.00774
     2	0.00774
   100	0.00774
   121	0.00774
   422	0.00774
    68	0.00774
  1768	0.00774
   276	0.00774
   127	0.00774
   135	0.00774
  1580	0.00774
     6	0.00774
   512	0.00774
   515	0.00774
   405	0.00774
   401	0.00774
    22	0.00774
    89	0.00774
    13	0.00774
   247	0.00774
  1322	0.00774
    73	0.00774
   206	0.00774
   147	0.00774
     3	0.00774
   443	0.00774
     5	0.00774
    11	0.00774
    77	0.01361
   394	0.01361
  1364	0.01361
    28	0.01361
    11	0.01361
    77	0.01361
   228	0.01361
   151	0.01361
   166	0.01361
    14	0.01361
   545	0.01361
   682	0.01361
  1050	0.01361
   428	0.01361
   267	0.01361
    11	0.01361
     9	0.01361
   865	0.01361
    68	0.01361
   459	0.01361
   148	0.01361
    19	0.01361
  2369	0.01361
   515	0.01361
   125	0.01361
   109	0.01361
   158	0.01361
  2633	0.01361
  1591	0.01361
  2766	0.01361
  1270	0.01361
    57	0.01361
   182	0.01361
   1208621
   19
