  54
     3	0.01006
   793	0.01006
     5	0.01006
     8	0.01006
   245	0.01006
    11	0.01006
    61	0.01006
    27	0.01006
     4	0.01006
    46	0.01006
   138	0.01006
   573	0.01006
    47	0.01006
     8	0.01006
    40	0.01006
     4	0.01006
    49	0.01006
   133	0.01006
     2	0.01006
     2	0.01006
     4	0.01006
    73	0.01006
    14	0.01006
   446	0.01006
   358	0.01006
  2288	0.01006
    74	0.01006
    18	0.01006
     5	0.01006
     5	0.01006
  1123	0.01006
     7	0.01006
    43	0.01006
   250	0.01006
    35	0.01006
     7	0.01006
     7	0.01006
   437	0.01006
   372	0.01006
   128	0.01006
  1092	0.01006
    66	0.01006
     2	0.01006
    95	0.01006
   282	0.01006
     9	0.01006
   266	0.01006
  1257	0.01006
    63	0.01006
   140	0.01006
     8	0.01006
    93	0.01006
    47	0.01006
     2	0.01006
    182266
   24
