 545
  8635	0.00038
 10597	0.00038
 16675	0.00038
 71231	0.00038
  7584	0.00038
  4608	0.00038
  8339	0.00038
     7	0.00038
    57	0.00038
  4342	0.00038
  5254	0.00038
 25346	0.00038
  6949	0.00038
  4681	0.00038
     6	0.00038
  6528	0.00038
  6399	0.00038
  1860	0.00038
     4	0.00038
     2	0.00038
 79140	0.00028
  8968	0.00028
  5867	0.00028
  1252	0.00028
 13711	0.00028
 24378	0.00028
 24619	0.00028
  1070	0.00028
  7331	0.00028
    66	0.00028
 17820	0.00028
   746	0.00028
 47635	0.00028
    21	0.00028
  4033	0.00053
  8047	0.00053
  9119	0.00053
 16457	0.00053
   659	0.00053
    61	0.00053
   466	0.00053
 39822	0.00053
115361	0.00053
     5	0.00053
  7855	0.00053
   370	0.00053
 16166	0.00053
  1880	0.00053
   491	0.00053
   268	0.00053
  3006	0.00053
  4447	0.00053
 26644	0.00053
   154	0.00053
 37962	0.00053
 28108	0.00053
  1217	0.00053
    13	0.00053
     2	0.00053
  7625	0.00053
 64938	0.00029
 29763	0.00029
 29247	0.00029
    12	0.00029
 10731	0.00029
  2797	0.00029
    20	0.00029
  2125	0.00029
    44	0.00029
    73	0.00029
 59769	0.00029
 17849	0.00029
     7	0.00029
 10620	0.00029
   411	0.00029
     7	0.00029
  3686	0.00029
 16205	0.00029
   328	0.00038
  3419	0.00038
  1308	0.00038
  4799	0.00038
    56	0.00038
    16	0.00038
    95	0.00038
     8	0.00038
    89	0.00038
  6744	0.00038
   846	0.00038
    23	0.00038
     4	0.00038
  1042	0.00038
 10682	0.00038
 17282	0.00038
  1130	0.00038
  8029	0.00038
 10056	0.00038
  3262	0.00038
     6	0.00038
    16	0.00038
  6201	0.00038
  3701	0.00038
 34170	0.00038
  9412	0.00038
    10	0.00038
 20155	0.00038
     2	0.00038
    12	0.00038
    85	0.00038
  1312	0.00038
 11791	0.00038
   126	0.00038
  5967	0.00038
  3907	0.00038
  7732	0.00038
  4504	0.00031
  6695	0.00031
   252	0.00031
   136	0.00031
  1869	0.00031
 13633	0.00031
  2485	0.00031
 26391	0.00031
    51	0.00031
   934	0.00031
  1393	0.00031
  4935	0.00031
  1430	0.00031
    19	0.00031
   318	0.00031
   270	0.00031
   156	0.00031
  4877	0.00035
     2	0.00035
  6170	0.00035
  5134	0.00035
   271	0.00035
  5361	0.00035
    62	0.00035
 12362	0.00035
  8492	0.00035
 16672	0.00035
 17343	0.00035
    19	0.00035
  2256	0.00035
   118	0.00035
  2945	0.00035
    12	0.00035
    17	0.00035
 10556	0.00035
  4365	0.00035
   837	0.00035
    96	0.00044
 11953	0.00044
  3679	0.00044
     7	0.00044
     2	0.00044
  1287	0.00044
 13973	0.00044
  2383	0.00044
     6	0.00044
  4835	0.00044
  1440	0.00044
   274	0.00044
 17583	0.00044
  2903	0.00044
   116	0.00044
  8544	0.00044
  3942	0.00044
   112	0.00044
     2	0.00044
    19	0.00044
     3	0.00044
  2211	0.00044
  7243	0.00044
     3	0.00044
    34	0.00044
   253	0.00044
  5837	0.00040
     3	0.00040
  4406	0.00040
  1951	0.00040
     3	0.00040
   199	0.00040
  1766	0.00040
  2336	0.00040
  1993	0.00040
  3023	0.00040
   101	0.00040
     6	0.00040
     5	0.00040
  6731	0.00040
     2	0.00040
  1259	0.00040
  5706	0.00040
     7	0.00040
  3203	0.00040
  1567	0.00040
  1738	0.00040
  3787	0.00040
  1150	0.00040
  6962	0.00040
  4174	0.00040
   478	0.00040
  1178	0.00050
 19951	0.00050
  4457	0.00050
  2380	0.00050
    37	0.00050
    87	0.00050
 11183	0.00050
 20700	0.00050
     5	0.00050
  3225	0.00050
   709	0.00050
   285	0.00050
  2669	0.00050
   708	0.00050
  9591	0.00050
   211	0.00050
     5	0.00050
     7	0.00050
  3891	0.00050
     3	0.00050
  1983	0.00050
  3321	0.00050
     7	0.00050
  4594	0.00050
 10356	0.00075
    77	0.00075
  1068	0.00075
     3	0.00075
  6439	0.00075
 24683	0.00075
  2536	0.00075
  1643	0.00075
     3	0.00075
 11474	0.00075
  4754	0.00075
  4199	0.00075
   344	0.00075
   759	0.00075
   481	0.00075
    27	0.00075
    48	0.00075
  3076	0.00075
    11	0.00075
  5009	0.00075
 10601	0.00075
  2929	0.00075
  3409	0.00075
  1949	0.00075
  4707	0.00075
     2	0.00075
  2066	0.00075
  3963	0.00075
     3	0.00075
  4595	0.00075
  3060	0.00075
153446	0.00075
    11	0.00075
  5201	0.00075
  4742	0.00075
 17203	0.00073
  4484	0.00073
   648	0.00073
  2300	0.00073
  7859	0.00073
   294	0.00073
  5603	0.00073
 34835	0.00073
    94	0.00073
  8467	0.00073
   385	0.00073
    91	0.00073
 10702	0.00073
  1156	0.00073
 11467	0.00073
     2	0.00073
  1734	0.00073
  8403	0.00073
    20	0.00073
 27371	0.00073
    67	0.00073
 18225	0.00073
  5466	0.00073
  3022	0.00073
     9	0.00073
  2200	0.00073
     3	0.00073
  5499	0.00073
    10	0.00073
 13962	0.00073
   269	0.00073
     7	0.00073
 19890	0.00073
 20183	0.00073
  1255	0.00073
  3374	0.00073
     3	0.00073
 10989	0.00073
  4608	0.00073
  1147	0.00073
  8924	0.00073
  1748	0.00073
     4	0.00107
    11	0.00107
  7476	0.00107
  6598	0.00107
  6053	0.00107
  5196	0.00107
   205	0.00107
    35	0.00107
  2731	0.00107
 12419	0.00107
  1605	0.00107
  9217	0.00107
  5261	0.00107
  1938	0.00107
 44331	0.00107
 10923	0.00107
  1624	0.00107
 27701	0.00107
 15252	0.00107
   541	0.00107
 20452	0.00107
  1449	0.00107
  1472	0.00107
   694	0.00107
     3	0.00107
  9868	0.00107
 18978	0.00107
  2279	0.00107
    32	0.00107
  1845	0.00107
    30	0.00107
   251	0.00107
  3704	0.00107
 10237	0.00107
  1842	0.00107
   559	0.00107
 13702	0.00107
  8780	0.00107
 29262	0.00107
   761	0.00107
   338	0.00107
  3988	0.00107
 21111	0.00107
    15	0.00107
   325	0.00107
   249	0.00107
   607	0.00107
 20512	0.00107
  5647	0.00113
  2766	0.00113
    45	0.00113
  6919	0.00113
  2009	0.00113
  2419	0.00113
 12774	0.00113
  4101	0.00113
   478	0.00113
 19553	0.00113
   344	0.00113
  8142	0.00113
  6930	0.00113
 10924	0.00113
 11014	0.00113
     5	0.00113
  9504	0.00113
   274	0.00113
  3184	0.00113
   184	0.00113
  3246	0.00113
 24100	0.00113
  8273	0.00113
   222	0.00113
   275	0.00113
  1181	0.00113
  4171	0.00113
   814	0.00113
   543	0.00113
   397	0.00113
   655	0.00113
  8678	0.00113
 27210	0.00113
  7590	0.00113
 37133	0.00113
 34483	0.00113
   105	0.00113
 16458	0.00113
    55	0.00143
   986	0.00143
  2690	0.00143
   613	0.00143
   237	0.00143
    37	0.00143
  5748	0.00143
    83	0.00143
  4790	0.00143
   979	0.00143
  5209	0.00143
   197	0.00143
   912	0.00143
  1911	0.00143
   346	0.00143
  2999	0.00143
  1236	0.00143
 12752	0.00143
  1329	0.00143
    45	0.00143
    17	0.00143
   569	0.00143
 18747	0.00143
 41513	0.00143
  6143	0.00143
  3819	0.00143
  1436	0.00143
  8134	0.00143
  2087	0.00143
    22	0.00143
   702	0.00143
  6582	0.00143
    15	0.00143
    10	0.00143
  3295	0.00143
 11633	0.00143
 17075	0.00143
 23845	0.00143
  1988	0.00143
   500	0.00143
   213	0.00143
   591	0.00143
 15137	0.00143
     6	0.00143
   219	0.00143
   376	0.00143
    24	0.00143
  3149	0.00225
  1761	0.00225
  4106	0.00225
   205	0.00225
    63	0.00225
    18	0.00225
  9286	0.00225
  1010	0.00225
  1409	0.00225
  3407	0.00225
   117	0.00225
     3	0.00225
    13	0.00225
    26	0.00225
   649	0.00225
  1239	0.00225
   156	0.00225
    31	0.00225
    80	0.00225
   406	0.00225
    60	0.00225
   823	0.00225
   153	0.00225
     2	0.00225
  5594	0.00225
    33	0.00225
  1942	0.00225
    21	0.00225
  6134	0.00225
   100	0.00225
  2202	0.00225
  6767	0.00225
   920	0.00225
    27	0.00225
  4275	0.00225
   515	0.00225
 10604	0.00225
  8726	0.00225
    23	0.00225
  1588	0.00225
    16	0.00225
  1873	0.00225
    50	0.00225
   405	0.00225
    14	0.00200
   474	0.00200
  2661	0.00200
    95	0.00200
   133	0.00200
   281	0.00200
    38	0.00200
     3	0.00200
   230	0.00200
  1365	0.00200
   763	0.00200
   420	0.00200
  8905	0.00200
   205	0.00200
   969	0.00200
  4704	0.00200
  3323	0.00200
   696	0.00200
    14	0.00200
     9	0.00200
  1229	0.00200
  1184	0.00200
    33	0.00200
   516	0.00200
  1509	0.00200
    94	0.00200
   779	0.00200
   193	0.00200
 13859	0.00200
    10	0.00200
  3453	0.00200
  7432	0.00200
  3084	0.00200
    48	0.00200
   649	0.00200
   554	0.00200
  6678	0.00200
  2712	0.00200
    82	0.00200
  8112	0.00200
   951	0.00200
 11859	0.00200
   408	0.00200
    42	0.00200
  2698	0.00200
  1287	0.00200
   247	0.00200
  9352	0.00200
  2707	0.00200
  6816	0.00200
 11195	0.00200
     6	0.00200
  2294	0.00200
    12	0.00200
   466	0.00200
     6	0.00200
   118	0.00200
   191	0.00200
  6570	0.00200
  2856	0.00200
  6156	0.00200
   636	0.00200
  2665	0.00200
   4313636
   23
