 139
     2	0.00612
   446	0.00612
   174	0.00612
   109	0.00612
   584	0.00612
   680	0.00612
  2195	0.00612
   114	0.00612
  2627	0.00612
  3905	0.00612
    38	0.00612
   163	0.00612
    30	0.00612
   452	0.00612
     2	0.00612
   200	0.00612
   716	0.00612
     8	0.00612
   319	0.00612
   372	0.00612
  2415	0.00612
   229	0.00612
    59	0.00612
   100	0.00612
  1023	0.00612
   228	0.00206
  1399	0.00206
 25350	0.00206
   469	0.00206
   150	0.00206
   148	0.00206
   664	0.00206
   486	0.00206
     3	0.00206
    96	0.00206
     3	0.00206
  1273	0.00206
     4	0.00206
  1594	0.00206
     6	0.00206
   374	0.00206
     5	0.00206
   237	0.00206
    13	0.00797
   138	0.00797
   583	0.00797
  2677	0.00797
   618	0.00797
    39	0.00797
   317	0.00797
   139	0.00797
   304	0.00860
   181	0.00860
     3	0.00860
   347	0.00860
  1256	0.00860
    28	0.00860
   247	0.00860
    20	0.00860
   506	0.00860
    32	0.00860
    30	0.00860
   133	0.00860
    90	0.00860
    73	0.00860
     2	0.00860
   179	0.00860
   622	0.00124
   854	0.00124
  5655	0.00124
  4501	0.00124
  5689	0.00124
   375	0.00124
  2298	0.00124
  5964	0.00124
     2	0.00124
   706	0.00124
  9673	0.00124
  1772	0.00124
  7839	0.00124
  6879	0.00124
     7	0.00124
   219	0.00124
     5	0.00124
  3624	0.00124
  3297	0.00124
  2762	0.00124
  2803	0.00124
  1196	0.00124
   418	0.00124
  1151	0.00124
   813	0.00124
    45	0.00124
  6192	0.00124
   607	0.00124
  2765	0.00124
  7614	0.00124
  1888	0.00124
  1559	0.00124
   385	0.00124
   176	0.00140
   120	0.00140
    93	0.00140
    53	0.00140
  5634	0.00140
  4957	0.00140
   929	0.00140
  6614	0.00140
  8834	0.00140
  3743	0.00140
 12575	0.00140
  5244	0.00140
    13	0.00140
  5468	0.00140
  8447	0.00140
  1512	0.00140
   655	0.00140
 32041	0.00140
 13237	0.00140
 10136	0.00140
   900	0.00140
  6871	0.00035
 39476	0.00035
 80502	0.00035
 19275	0.00035
  5536	0.00035
   236	0.00035
 60432	0.00035
 14371	0.00035
   900	0.00035
  4548	0.00023
238798	0.00023
 11909	0.00023
 30317	0.00023
 60634	0.00023
 24139	0.00023
   520	0.00023
    41	0.00023
186732	0.00023
   2059712
   19
