 173
   106	0.00450
    28	0.00450
   174	0.00450
    16	0.00450
  1596	0.00450
  1187	0.00450
   575	0.00450
    29	0.00450
    27	0.00450
    25	0.00450
    11	0.00450
    85	0.00450
    30	0.00450
   108	0.00450
    13	0.00450
    10	0.00450
    24	0.00450
   227	0.00450
   325	0.00450
   682	0.00450
     4	0.00450
    19	0.00450
   132	0.00450
    36	0.00450
    58	0.00450
    24	0.00450
 12405	0.00450
   565	0.00450
   198	0.00450
   697	0.00450
     8	0.00450
    44	0.00450
   110	0.00450
   667	0.00450
    77	0.00450
     9	0.00450
     2	0.00450
   445	0.00450
   384	0.00450
   131	0.00450
  1054	0.00800
     7	0.00800
    15	0.00800
    44	0.00800
    93	0.00800
     4	0.00800
  1260	0.00800
   182	0.00800
     6	0.00800
    24	0.00800
  1053	0.00800
   110	0.00800
   132	0.00800
    85	0.00800
    27	0.00800
   195	0.00800
   253	0.00800
   143	0.00800
    32	0.00800
   377	0.00800
   746	0.00800
   101	0.00800
    20	0.00800
    24	0.00800
    22	0.00800
   165	0.00800
   299	0.00800
   160	0.00800
    39	0.00800
   353	0.00800
    87	0.00800
   155	0.00800
   103	0.00800
   115	0.00800
    35	0.00800
     7	0.00800
    63	0.00800
    71	0.00800
    94	0.00800
    76	0.00800
   394	0.00800
    43	0.00800
    28	0.00800
    46	0.00800
    34	0.00662
   211	0.00662
     4	0.00662
   141	0.00662
   190	0.00662
    92	0.00662
   184	0.00662
    40	0.00662
    80	0.00662
    13	0.00662
   120	0.00662
   118	0.00662
   317	0.00662
    27	0.00662
    10	0.00662
    79	0.00662
   928	0.00662
    19	0.00662
   233	0.00662
   686	0.00662
   177	0.00662
  2364	0.00662
   420	0.00662
  1298	0.00662
  2453	0.00662
    59	0.00662
   118	0.00662
    26	0.00662
    82	0.00662
   204	0.00662
    24	0.00662
    12	0.00662
   586	0.00662
    57	0.00662
   148	0.00662
   251	0.00662
    35	0.00662
   110	0.00662
    29	0.00662
   697	0.00662
     5	0.00662
   431	0.00662
     5	0.00662
   163	0.00662
    29	0.00662
     3	0.00662
    51	0.00662
   239	0.00662
    11	0.00662
    78	0.00662
   773	0.00662
   105	0.00662
   390	0.00662
     4	0.00662
   319	0.00662
   443	0.00662
    11	0.00662
    90	0.00662
   121	0.00662
     9	0.00662
   703	0.00662
    32	0.00662
    30	0.00662
     5	0.00662
    31	0.00662
    13	0.00662
    50	0.00662
    13	0.00662
   228	0.00662
     3	0.00662
   134	0.00662
   136	0.00662
   804	0.00662
   121	0.00662
    23	0.00662
    65	0.00662
    66	0.00662
    31	0.00662
    10	0.00662
    62	0.00662
   744	0.00662
    37	0.00662
    20	0.00662
   109	0.00662
   147	0.00662
    42	0.00662
    15	0.00662
    67	0.00662
   175	0.00662
    876941
   12
