  42
   198	0.00937
   174	0.00937
    63	0.00937
    64	0.00937
     3	0.00937
   151	0.00937
     2	0.00937
     6	0.00937
   142	0.00937
    73	0.00937
   241	0.00937
    48	0.00937
    52	0.00937
  2016	0.00937
   106	0.00937
    57	0.00937
   556	0.00937
     5	0.00937
     7	0.00937
   375	0.00937
     2	0.00937
    10	0.00937
    10	0.00937
     3	0.00937
   103	0.00937
     2	0.00937
   130	0.00937
  1366	0.00937
     5	0.00937
     3	0.00937
   189	0.00937
    11	0.00937
   123	0.00937
   666	0.00937
     6	0.00937
  1027	0.00937
    59	0.00937
    16	0.00937
    17	0.00937
    19	0.00937
    23	0.00937
     3	0.00937
    182266
   19
