  59
    10	0.01631
    11	0.01631
    24	0.01631
     4	0.01631
   144	0.01631
    24	0.01631
    11	0.01631
    38	0.01631
     2	0.01631
   128	0.01631
   215	0.01631
    12	0.01631
   111	0.01631
    15	0.01631
     7	0.01631
     6	0.01631
   110	0.01631
    28	0.01631
    67	0.01631
     2	0.01631
   312	0.01631
     6	0.01631
     9	0.01631
   139	0.01631
    67	0.01631
   937	0.01631
   136	0.01631
    82	0.01631
   499	0.01631
    40	0.01631
     4	0.01631
    77	0.01631
    24	0.01631
    60	0.01631
   127	0.01631
     6	0.01631
   207	0.01631
     2	0.01631
    72	0.01631
   178	0.01631
    30	0.01631
     2	0.01631
    53	0.01631
   174	0.01631
   144	0.01631
    30	0.01631
   160	0.01631
    36	0.01631
    55	0.01631
    14	0.01631
    31	0.01631
    15	0.01631
     3	0.01631
    87	0.01631
    27	0.01631
    32	0.01631
     2	0.01631
    15	0.01631
   402	0.01631
    259516
   17
