1474
     7	0.00990
     3	0.00990
    12	0.00990
     9	0.00990
    31	0.00990
   209	0.00990
    35	0.00990
   122	0.00990
     2	0.00990
    36	0.00990
   152	0.00990
    18	0.00990
  2389	0.00990
   886	0.00990
     3	0.00990
     7	0.00990
     9	0.00990
  1966	0.00990
     8	0.00990
   124	0.00990
   393	0.00990
     2	0.00990
    24	0.00990
     6	0.00990
   142	0.00990
    76	0.00990
   112	0.00990
     2	0.00990
    54	0.00990
     2	0.00990
     3	0.00990
  1116	0.00990
     2	0.00990
     2	0.00990
    64	0.00990
   466	0.00990
    28	0.00990
    45	0.00990
     3	0.00990
     7	0.00990
   274	0.00990
    31	0.00990
    30	0.00990
   389	0.00990
  2305	0.00990
    50	0.00990
  1062	0.00990
    24	0.00990
     3	0.00990
    11	0.00990
     7	0.00990
     2	0.00990
    11	0.00990
  4424	0.00990
     2	0.00990
    12	0.00990
   236	0.00990
     8	0.00990
    69	0.00990
   538	0.00990
     3	0.00990
     3	0.00990
     3	0.00990
    12	0.00990
    23	0.00990
  1103	0.00990
    16	0.00990
    43	0.00990
    79	0.01110
    15	0.01110
     5	0.01110
  1326	0.01110
    73	0.01110
    28	0.01110
   126	0.01110
   197	0.01110
     6	0.01110
   249	0.01110
    28	0.01110
   310	0.01110
    10	0.01110
   441	0.01110
     8	0.01110
    47	0.01110
    12	0.01110
   673	0.01110
     8	0.01110
     8	0.01110
     2	0.01110
   121	0.01110
     2	0.01110
  2075	0.01110
    94	0.01110
     2	0.01110
     3	0.01110
   396	0.01110
    28	0.01110
    10	0.01110
   132	0.01110
    18	0.01110
   115	0.01110
    49	0.01110
     2	0.01110
   163	0.01110
    11	0.01110
    28	0.01110
   289	0.01110
     7	0.01110
   874	0.01110
   360	0.01110
   514	0.01110
   798	0.01110
   536	0.01110
     8	0.01110
     2	0.01110
    97	0.01110
   129	0.01110
     9	0.01110
    10	0.01110
     2	0.01110
    22	0.01110
   721	0.01110
     4	0.01110
     2	0.01110
     8	0.01110
     8	0.01110
    19	0.01239
   560	0.01239
   622	0.01239
    37	0.01239
     7	0.01239
   211	0.01239
  1068	0.01239
    59	0.01239
     4	0.01239
   133	0.01239
    55	0.01239
    15	0.01239
    52	0.01239
    41	0.01239
     9	0.01239
   865	0.01239
     4	0.01239
    34	0.01239
   131	0.01239
    15	0.01239
    13	0.01239
   328	0.01239
   321	0.01239
    13	0.01239
    24	0.01239
   103	0.01239
    25	0.01239
    91	0.01239
  2487	0.01239
    59	0.01239
     4	0.01239
     4	0.01239
     7	0.01239
    31	0.01239
   401	0.01239
    24	0.01239
     4	0.01239
   271	0.01239
   339	0.01239
     2	0.01239
   176	0.01239
   823	0.01239
   226	0.01239
   464	0.01239
    33	0.01239
   112	0.01239
   445	0.01239
     8	0.01239
   234	0.01239
     4	0.01239
    24	0.01239
   339	0.01239
     5	0.01239
     9	0.01239
   170	0.01239
    15	0.01239
   147	0.01239
     2	0.01239
   142	0.01239
    10	0.01239
  1336	0.01209
   595	0.01209
     2	0.01209
    52	0.01209
    29	0.01209
     7	0.01209
   605	0.01209
   262	0.01209
     6	0.01209
    27	0.01209
     3	0.01209
    14	0.01209
    12	0.01209
     4	0.01209
   162	0.01209
    11	0.01209
   211	0.01209
   285	0.01209
    31	0.01209
    15	0.01209
     4	0.01209
     8	0.01209
   165	0.01209
    65	0.01209
    23	0.01209
  1102	0.01209
    72	0.01209
   605	0.01209
     4	0.01209
   150	0.01209
    23	0.01209
    66	0.01209
     8	0.01209
    27	0.01209
     8	0.01209
    22	0.01209
    14	0.01209
     6	0.01209
    18	0.01209
     7	0.01209
    80	0.01209
     4	0.01209
     6	0.01209
     2	0.01209
     3	0.01209
     7	0.01209
    15	0.01209
     4	0.01209
     2	0.01209
     3	0.01209
     2	0.01209
    12	0.01209
   112	0.01209
    30	0.01209
     9	0.01209
   384	0.01209
    28	0.01209
    40	0.01209
   164	0.01209
    18	0.01209
     8	0.01209
   407	0.01209
    42	0.01209
  1102	0.01209
   388	0.01209
     2	0.01209
   163	0.01209
    15	0.01209
     2	0.01209
    16	0.01209
     2	0.01209
   218	0.01209
   104	0.01209
   687	0.01209
   328	0.01209
     6	0.01209
     7	0.01209
    14	0.01209
     2	0.01209
   137	0.01209
    11	0.01209
   150	0.01209
    11	0.01209
     4	0.01209
    14	0.01209
     4	0.01209
    97	0.01209
    22	0.01209
    35	0.01209
    40	0.01209
    52	0.00989
   315	0.00989
   165	0.00989
     2	0.00989
     6	0.00989
   226	0.00989
    10	0.00989
  1138	0.00989
    84	0.00989
   126	0.00989
     5	0.00989
    38	0.00989
   492	0.00989
    79	0.00989
    23	0.00989
    16	0.00989
    14	0.00989
   195	0.00989
    20	0.00989
     9	0.00989
     6	0.00989
     2	0.00989
     9	0.00989
    59	0.00989
   530	0.00989
    64	0.00989
    18	0.00989
     3	0.00989
    10	0.00989
    10	0.00989
   222	0.00989
   152	0.00989
   457	0.00989
     4	0.00989
    64	0.00989
    36	0.00989
   112	0.00989
    27	0.00989
     4	0.00989
     6	0.00989
     3	0.00989
   111	0.00989
  1233	0.00989
    20	0.00989
    22	0.00989
     2	0.00989
    50	0.00989
   188	0.00989
   140	0.00989
     3	0.00989
    11	0.00989
   111	0.00989
     4	0.00989
   320	0.00989
  1020	0.00989
   162	0.00989
   623	0.00989
    20	0.00989
    10	0.00989
   101	0.00989
   132	0.00989
    16	0.00989
     8	0.00989
  1770	0.00989
    29	0.00989
     2	0.00989
    34	0.00989
    22	0.00989
     2	0.00989
    35	0.00989
   179	0.00989
     4	0.00989
    87	0.00989
    10	0.00989
    11	0.00989
    37	0.00989
     6	0.00989
   370	0.00989
     4	0.00989
    39	0.00989
    14	0.00989
    32	0.00989
    55	0.00989
   416	0.00989
     3	0.00989
   123	0.00887
    88	0.00887
     2	0.00887
    16	0.00887
    10	0.00887
   865	0.00887
    25	0.00887
   248	0.00887
  2154	0.00887
   107	0.00887
     3	0.00887
   172	0.00887
    19	0.00887
   821	0.00887
    56	0.00887
    27	0.00887
   546	0.00887
     3	0.00887
    62	0.00887
     9	0.00887
    72	0.00887
   175	0.00887
    53	0.00887
   133	0.00887
   139	0.00887
     4	0.00887
   295	0.00887
   120	0.00887
    34	0.00887
    25	0.00887
    28	0.00887
    22	0.00887
   123	0.00887
   336	0.00887
     3	0.00887
     2	0.00887
   900	0.00887
   594	0.00887
     3	0.00887
    82	0.00887
     2	0.00887
   264	0.00887
   109	0.00887
    82	0.00887
    72	0.00887
    18	0.00887
    23	0.00887
    88	0.00887
   329	0.00887
  1091	0.00887
   187	0.00887
    47	0.00887
   743	0.00887
    72	0.00887
    37	0.00887
    15	0.00887
   532	0.00887
   594	0.00887
    72	0.00887
     4	0.01011
  1517	0.01011
    78	0.01011
     6	0.01011
     3	0.01011
    46	0.01011
   314	0.01011
     9	0.01011
     6	0.01011
    80	0.01011
     2	0.01011
    12	0.01011
    49	0.01011
    34	0.01011
   928	0.01011
    61	0.01011
  1488	0.01011
     3	0.01011
    49	0.01011
     2	0.01011
    18	0.01011
     9	0.01011
     2	0.01011
    22	0.01011
    31	0.01011
   592	0.01011
     4	0.01011
     2	0.01011
   125	0.01011
    31	0.01011
    13	0.01011
     5	0.01011
    64	0.01011
    92	0.01011
    61	0.01011
     4	0.01011
    54	0.01011
    14	0.01011
   125	0.01011
   178	0.01011
     2	0.01011
     2	0.01011
    11	0.01011
   101	0.01011
   183	0.01011
     3	0.01011
    26	0.01011
     8	0.01011
     4	0.01011
    79	0.01011
     2	0.01011
     9	0.01011
    80	0.01011
    15	0.01011
    32	0.01011
     2	0.01011
   188	0.01011
    35	0.01011
   394	0.01011
   675	0.01011
   284	0.01011
    31	0.01011
    58	0.01011
     6	0.01011
     4	0.01011
    28	0.01011
   187	0.01011
   262	0.01011
    25	0.01011
     3	0.01011
   146	0.01011
     6	0.01011
    53	0.01011
     3	0.01011
    66	0.01011
     2	0.01011
    15	0.01011
     7	0.01011
    92	0.01011
   354	0.00733
    37	0.00733
    10	0.00733
     9	0.00733
  1655	0.00733
     5	0.00733
    79	0.00733
  4240	0.00733
   784	0.00733
     8	0.00733
   620	0.00733
    27	0.00733
   559	0.00733
     2	0.00733
   270	0.00733
   213	0.00733
   271	0.00733
     2	0.00733
    14	0.00733
   561	0.00733
    30	0.00733
    39	0.00733
   314	0.00733
    24	0.00733
     2	0.00733
    33	0.00733
  1622	0.00733
    52	0.00733
    46	0.00733
  3204	0.00733
   688	0.00733
   621	0.00733
     4	0.00733
     2	0.00733
   244	0.00733
   416	0.00733
     2	0.00733
     2	0.00733
   418	0.00733
    25	0.00733
   123	0.00733
     2	0.00733
     2	0.00733
    78	0.00733
    10	0.00733
   120	0.00733
   209	0.00733
    40	0.00733
     2	0.00733
     7	0.00733
  1298	0.00733
   819	0.00733
   264	0.00733
     2	0.00733
   372	0.00733
   244	0.00733
  1126	0.00733
     4	0.00733
     3	0.00733
   130	0.00733
   124	0.00733
    17	0.00733
    10	0.00733
    52	0.00733
   254	0.00733
     2	0.00733
    97	0.00733
     7	0.00733
     2	0.00733
    30	0.00733
     4	0.00733
   396	0.00733
    89	0.00733
   209	0.00733
  4681	0.00733
    24	0.00733
    21	0.00733
   473	0.00733
    52	0.00733
     2	0.00733
   203	0.00733
  5023	0.00733
  1096	0.00733
    56	0.00733
   105	0.00733
     2	0.00733
    29	0.00733
    52	0.00733
    36	0.00733
   287	0.00733
    55	0.00733
   169	0.00733
    40	0.00733
    10	0.00733
   103	0.00733
    10	0.00733
   184	0.00733
     2	0.00733
     2	0.00733
   119	0.00733
   435	0.00663
     9	0.00663
    21	0.00663
   195	0.00663
    63	0.00663
   136	0.00663
     3	0.00663
   606	0.00663
    14	0.00663
     6	0.00663
   104	0.00663
   229	0.00663
     4	0.00663
   113	0.00663
   429	0.00663
    61	0.00663
     3	0.00663
    10	0.00663
   201	0.00663
    24	0.00663
     4	0.00663
    73	0.00663
   203	0.00663
     4	0.00663
    17	0.00663
   416	0.00663
   136	0.00663
     3	0.00663
     2	0.00663
     4	0.00663
   588	0.00663
     5	0.00663
   369	0.00663
   339	0.00663
   190	0.00663
   231	0.00663
   139	0.00663
   122	0.00663
     6	0.00663
   730	0.00663
    50	0.00663
    78	0.00663
   196	0.00663
   286	0.00663
     5	0.00663
  1945	0.00663
    33	0.00663
     2	0.00663
     2	0.00663
   348	0.00663
    31	0.00663
   116	0.00663
   512	0.00663
  1113	0.00663
     9	0.00663
   331	0.00663
     4	0.00663
     2	0.00663
   762	0.00663
   807	0.00663
    14	0.00663
    45	0.00663
     4	0.00663
     3	0.00663
   154	0.00663
     4	0.00663
   344	0.00663
     3	0.00663
   100	0.00663
   161	0.00663
     2	0.00663
     8	0.00663
   492	0.00663
    14	0.00663
   487	0.00663
     4	0.00663
    15	0.00663
     5	0.00663
    36	0.00663
     4	0.00663
     9	0.00663
     3	0.00663
   384	0.00663
    12	0.00663
   596	0.00663
    11	0.00671
    19	0.00671
   860	0.00671
    14	0.00671
    13	0.00671
     2	0.00671
     2	0.00671
     2	0.00671
     4	0.00671
     3	0.00671
    26	0.00671
     2	0.00671
    34	0.00671
    20	0.00671
   759	0.00671
    21	0.00671
    37	0.00671
   235	0.00671
   323	0.00671
   402	0.00671
   109	0.00671
    13	0.00671
   521	0.00671
    42	0.00671
     8	0.00671
     6	0.00671
   151	0.00671
   500	0.00671
    28	0.00671
   121	0.00671
   159	0.00671
    13	0.00671
   700	0.00671
   472	0.00671
   202	0.00671
    17	0.00671
    27	0.00671
     4	0.00671
   239	0.00671
   210	0.00671
    18	0.00671
    48	0.00671
    57	0.00671
  1979	0.00671
   407	0.00671
     6	0.00671
    37	0.00671
     4	0.00671
     6	0.00671
     2	0.00671
     4	0.00671
    36	0.00671
     6	0.00671
  1582	0.00671
    98	0.00671
    14	0.00671
    83	0.00671
    46	0.00671
    46	0.00671
   160	0.00671
   509	0.00671
   710	0.00671
     5	0.00671
  1266	0.00671
    14	0.00671
    17	0.00671
    11	0.00671
    31	0.00671
   908	0.00671
     7	0.00671
    31	0.00671
    48	0.00671
    42	0.00671
     8	0.00671
   905	0.00671
    89	0.00671
    26	0.00671
   676	0.00671
   460	0.00671
   153	0.00671
   309	0.01098
     7	0.01098
     9	0.01098
    28	0.01098
   465	0.01098
    20	0.01098
    19	0.01098
     2	0.01098
    50	0.01098
     4	0.01098
    38	0.01098
     8	0.01098
   697	0.01098
     8	0.01098
     5	0.01098
   276	0.01098
     7	0.01098
   136	0.01098
    66	0.01098
    11	0.01098
     2	0.01098
    48	0.01098
    90	0.01098
    98	0.01098
     7	0.01098
     6	0.01098
  1707	0.01098
    27	0.01098
     3	0.01098
    24	0.01098
   310	0.01098
    91	0.01098
    14	0.01098
    10	0.01098
    83	0.01098
    43	0.01098
    31	0.01098
     3	0.01098
   870	0.01098
   242	0.01098
    17	0.01098
    43	0.01098
    56	0.01098
   112	0.01098
     7	0.01098
   213	0.01098
   461	0.01098
    25	0.01098
   236	0.01098
     2	0.01098
   341	0.01098
   147	0.01098
     2	0.01098
    43	0.01098
   174	0.01098
   120	0.01098
    18	0.01098
    32	0.01098
    28	0.01098
    10	0.01098
    22	0.01098
    27	0.01098
    38	0.01098
   622	0.01098
    43	0.01098
   196	0.01098
   283	0.01098
    25	0.01098
     3	0.01098
    13	0.01098
   653	0.01098
    47	0.01098
   160	0.01098
    59	0.01098
   419	0.01098
    24	0.01098
     2	0.01098
     3	0.01098
     2	0.01098
     5	0.01098
    10	0.01098
  3870	0.01098
   470	0.01098
    18	0.01098
     7	0.01098
   311	0.01098
   918	0.01098
     4	0.01098
    30	0.01098
   312	0.01098
     3	0.01098
    11	0.01098
     3	0.01098
   211	0.01098
    19	0.01098
     4	0.01098
    10	0.01098
    73	0.01098
     9	0.01098
    18	0.01098
    30	0.01098
    26	0.01098
    19	0.01098
   349	0.01098
    43	0.01098
  6829	0.01098
   599	0.01098
     8	0.01098
     2	0.01098
    49	0.01098
     2	0.01098
   136	0.01098
     2	0.01098
   202	0.01098
     2	0.01098
    45	0.01098
   258	0.00842
   272	0.00842
     7	0.00842
    13	0.00842
   153	0.00842
   258	0.00842
    35	0.00842
   206	0.00842
    70	0.00842
     2	0.00842
   150	0.00842
    14	0.00842
    25	0.00842
   183	0.00842
   115	0.00842
    27	0.00842
   471	0.00842
     6	0.00842
     5	0.00842
     2	0.00842
   254	0.00842
     6	0.00842
    29	0.00842
     5	0.00842
   103	0.00842
    34	0.00842
    27	0.00842
   406	0.00842
   215	0.00842
    13	0.00842
     7	0.00842
    44	0.00842
   245	0.00842
     7	0.00842
   760	0.00842
   560	0.00842
     2	0.00842
    23	0.00842
  2201	0.00842
     4	0.00842
    10	0.00842
    80	0.00842
   460	0.00842
     5	0.00842
    70	0.00842
    95	0.00842
    32	0.00842
     4	0.00842
     2	0.00842
    17	0.00842
   227	0.00842
    18	0.00842
    28	0.00842
   498	0.00842
     3	0.00842
    24	0.00842
    33	0.00842
    40	0.00842
   511	0.00842
    71	0.00842
    43	0.00842
     4	0.00842
    36	0.00842
     6	0.00842
   150	0.00842
    45	0.00842
    23	0.00842
    48	0.00842
     3	0.00842
    94	0.00842
   104	0.00842
  1030	0.00842
    40	0.00842
    17	0.00842
    80	0.00842
    67	0.00842
    28	0.00842
   150	0.00842
    18	0.00842
     3	0.00842
   135	0.00842
    23	0.00842
    95	0.00842
    32	0.00842
    49	0.00842
   630	0.00842
    12	0.00842
    21	0.00842
    71	0.00842
  1440	0.00842
     8	0.00842
    17	0.00842
   151	0.00842
    18	0.00842
   379	0.00842
    40	0.00842
     3	0.00842
    30	0.00842
    94	0.00842
    27	0.00842
   593	0.00842
     4	0.00842
     5	0.00791
     2	0.00791
   243	0.00791
    37	0.00791
     7	0.00791
   393	0.00791
   488	0.00791
   158	0.00791
    16	0.00791
    17	0.00791
    34	0.00791
     8	0.00791
   330	0.00791
    28	0.00791
   173	0.00791
   183	0.00791
   627	0.00791
     5	0.00791
     2	0.00791
   251	0.00791
     2	0.00791
   246	0.00791
    15	0.00791
    21	0.00791
     5	0.00791
   137	0.00791
     5	0.00791
     9	0.00791
   237	0.00791
    24	0.00791
    53	0.00791
   101	0.00791
   218	0.00791
    58	0.00791
   325	0.00791
   111	0.00791
   112	0.00791
   472	0.00791
     3	0.00791
    66	0.00791
    78	0.00791
  1782	0.00791
     2	0.00791
    27	0.00791
  1364	0.00791
     2	0.00791
    19	0.00791
   653	0.00791
    37	0.00791
     2	0.00791
    38	0.00791
    33	0.00791
    61	0.00791
   879	0.00791
    25	0.00791
    25	0.00791
    16	0.00791
   110	0.00791
   117	0.00791
    65	0.00791
    28	0.00791
     9	0.00791
     8	0.00791
  1869	0.00791
     2	0.00791
   466	0.00791
   254	0.00791
    50	0.00791
     5	0.00791
     3	0.00791
     3	0.00791
    33	0.00791
     7	0.00791
     3	0.00791
    23	0.00791
    37	0.00791
    28	0.00791
   259	0.00791
     7	0.00791
    38	0.00791
    62	0.00791
    95	0.00791
   223	0.00791
   634	0.00791
   330	0.00791
   197	0.00791
     3	0.00791
     8	0.00791
     7	0.00791
    63	0.00791
    98	0.00791
    38	0.00791
     3	0.00791
    51	0.00791
   159	0.00791
  1578	0.00791
    16	0.00791
     4	0.00791
     2	0.00791
   523	0.00791
    22	0.00791
    21	0.00791
     7	0.00791
   965	0.00791
   280	0.00791
     3	0.00791
   156	0.00791
   223	0.00791
   537	0.00960
     3	0.00960
    16	0.00960
    11	0.00960
    43	0.00960
    14	0.00960
   251	0.00960
    46	0.00960
    53	0.00960
    38	0.00960
   280	0.00960
   145	0.00960
   347	0.00960
   431	0.00960
    10	0.00960
    76	0.00960
  1041	0.00960
   858	0.00960
    35	0.00960
   204	0.00960
  1111	0.00960
    22	0.00960
   793	0.00960
   241	0.00960
    11	0.00960
   285	0.00960
   663	0.00960
    14	0.00960
   109	0.00960
    48	0.00960
   201	0.00960
     3	0.00960
    10	0.00960
    47	0.00960
     7	0.00960
    17	0.00960
   670	0.00960
   430	0.00960
     7	0.00960
    14	0.00960
     6	0.00960
    72	0.00960
   199	0.00960
    63	0.00960
    20	0.00960
    94	0.00960
   241	0.00960
    11	0.00960
    46	0.00960
   119	0.00960
     5	0.00960
   110	0.00960
     2	0.00960
   118	0.00960
     6	0.00960
    34	0.00960
   214	0.00960
     2	0.00960
   462	0.00960
     3	0.00960
    71	0.00960
    79	0.00960
    28	0.00960
   364	0.00960
    80	0.00960
     2	0.00960
   234	0.00960
  1219	0.00960
    25	0.00960
     2	0.00960
   404	0.00960
    18	0.00960
     7	0.00960
    14	0.00960
    67	0.00960
     2	0.00960
    32	0.00960
    41	0.00960
    47	0.00960
    25	0.00960
   460	0.00960
     9	0.00960
  1091	0.00960
   245	0.00960
     2	0.00960
    17	0.00960
     6	0.00960
    28	0.00960
   751	0.00960
    22	0.00960
    31	0.00960
     4	0.00960
  1903	0.00960
    14	0.00960
    21	0.00960
     9	0.00960
     7	0.00960
    97	0.00960
     2	0.00960
   174	0.00960
    10	0.00960
   204	0.00960
   182	0.00960
    69	0.00960
    26	0.00960
     3	0.00960
    64	0.00960
     2	0.00960
    25	0.00960
   238	0.00960
    33	0.00960
    14	0.00960
    67	0.00960
   298	0.00960
    53	0.00960
    20	0.00960
   214	0.00960
   152	0.00960
   438	0.00960
    75	0.00960
   998	0.00960
   376	0.00960
  3433	0.01170
   116	0.01170
     2	0.01170
    27	0.01170
   151	0.01170
    82	0.01170
    33	0.01170
   695	0.01170
    11	0.01170
     3	0.01170
   216	0.01170
   239	0.01170
  1605	0.01170
     2	0.01170
   437	0.01170
    70	0.01170
    76	0.01170
    27	0.01170
    34	0.01170
    82	0.01170
    82	0.01170
    79	0.01170
     6	0.01170
    43	0.01170
    60	0.01170
   299	0.01170
    20	0.01170
   192	0.01170
    64	0.01170
   130	0.01170
    54	0.01170
    10	0.01170
    35	0.01170
    58	0.01170
    43	0.01170
     7	0.01170
    12	0.01170
     8	0.01170
    22	0.01170
     8	0.01170
    20	0.01170
    91	0.01170
   117	0.01170
   136	0.01170
    67	0.01170
    56	0.01170
  1564	0.01170
    60	0.01170
    82	0.01170
    79	0.01170
     7	0.01170
  2786	0.01170
   516	0.01170
    17	0.01170
     3	0.01170
  1466	0.01170
    39	0.01170
   246	0.01170
    79	0.01170
    29	0.01170
  1333	0.01170
    17	0.01170
     9	0.01170
    80	0.01170
    12	0.01170
  1522	0.01170
    22	0.01170
     8	0.01170
    20	0.01170
    91	0.01170
   117	0.01170
   354	0.01170
    20	0.01170
     5	0.01170
     9	0.01170
   214	0.01170
    60	0.01170
   672	0.01170
  1974	0.01170
    23	0.01170
     5	0.01170
    46	0.01170
    61	0.01170
   375	0.01170
    12	0.01170
    36	0.01170
    54	0.01170
    47	0.01170
   176	0.01170
   253	0.01170
   130	0.01170
    16	0.01746
    93	0.01746
     5	0.01746
    57	0.01746
   118	0.01746
    26	0.01746
    42	0.01746
    55	0.01746
   132	0.01746
    26	0.01746
    24	0.01746
    58	0.01746
   103	0.01746
    33	0.01746
     6	0.01746
   706	0.01746
    97	0.01746
   132	0.01746
   318	0.01746
   262	0.01746
  1093	0.01746
   504	0.01746
   721	0.01746
    91	0.01746
   108	0.01746
    68	0.01746
    47	0.01746
    66	0.01746
     5	0.01746
  1186	0.01746
   230	0.01746
    47	0.01746
   200	0.01746
    26	0.01746
    46	0.01746
   300	0.01746
     6	0.01746
   257	0.01746
    49	0.01746
     2	0.01746
    34	0.01746
    13	0.01746
   200	0.01746
    42	0.01746
     2	0.01746
     3	0.01746
    81	0.01746
     7	0.01746
    10	0.01746
   357	0.01746
   528	0.01746
    16	0.01746
     3	0.01746
   517	0.01746
    34	0.01055
   904	0.01055
   644	0.01055
  3769	0.01055
    96	0.01055
     7	0.01055
     3	0.01055
     2	0.01055
   872	0.01055
  1057	0.01055
    64	0.01055
    19	0.01055
   324	0.01055
    69	0.01055
    13	0.01055
    17	0.01055
     2	0.01055
    46	0.01055
     8	0.01055
    22	0.01055
    67	0.01055
    29	0.01055
   646	0.01055
   364	0.01055
   207	0.01055
    76	0.01055
   280	0.01055
    68	0.01055
   201	0.01055
    58	0.01055
    31	0.01055
    35	0.01055
  5691	0.01055
    14	0.01055
  2663	0.01055
   659	0.01055
   314	0.01055
     3	0.01055
    35	0.01055
   157	0.01055
   213	0.01055
   320	0.01055
    12	0.01055
   119	0.01055
    51	0.01055
    31	0.01055
   213	0.01055
    40	0.01055
    23	0.01055
   149	0.01055
   101	0.01055
    50	0.01055
   641	0.01055
  1781	0.01055
    88	0.01055
    16	0.01055
    14	0.01055
    13	0.01055
    13	0.01055
    19	0.01055
   210	0.01055
   133	0.01055
   131	0.01055
     3	0.01055
   119	0.01055
   565	0.01055
     2	0.01055
    16	0.01055
    13	0.01055
     3	0.01055
   232	0.01055
    47	0.01055
    13	0.01055
   488	0.01055
   967	0.01055
   177	0.01055
   337	0.01055
   291	0.01055
     7	0.01055
    26	0.01055
   189	0.01055
   295	0.01055
    11	0.01055
    22	0.01055
   448	0.01055
    68	0.01055
    35	0.01055
   143	0.01055
     5	0.01055
  1403	0.01055
   299	0.01055
   132	0.01055
   519	0.01055
  1957	0.01055
    42	0.01055
   337	0.01055
   131	0.01055
     3	0.01055
   119	0.01055
     3	0.01055
     2	0.01055
   462	0.01055
    13	0.01055
    19	0.01055
     2	0.01055
  2852	0.01055
     4	0.01055
     2	0.01055
   904	0.01055
   416	0.01055
    76	0.01055
   280	0.01055
   118	0.01055
    26	0.01055
    83	0.01055
     7	0.01055
   574	0.01055
   4313636
   25
