 116
  1290	0.00072
    55	0.00072
   186	0.00072
     2	0.00072
  8200	0.00072
     2	0.00072
   408	0.00072
    96	0.00072
    56	0.00072
     9	0.00072
  2173	0.00072
  1968	0.00072
   337	0.00072
  1321	0.00072
  1840	0.00072
  1658	0.00072
  1708	0.00072
     2	0.00072
   545	0.00072
    88	0.00072
  1015	0.00123
   287	0.00123
    62	0.00123
     2	0.00123
    43	0.00123
    46	0.00123
   211	0.00123
  1061	0.00123
   198	0.00123
    26	0.00123
  3020	0.00123
   837	0.00123
  1517	0.00123
   141	0.00123
    45	0.00123
  3418	0.00123
  4372	0.00123
   190	0.00123
    23	0.00123
   696	0.00123
   231	0.00123
  1215	0.00123
     3	0.00123
    20	0.00123
   509	0.00123
    30	0.00123
    63	0.00123
   701	0.00123
  1091	0.00123
  1075	0.00123
    14	0.00123
   161	0.00123
   360	0.00293
   114	0.00293
   294	0.00293
   481	0.00293
   196	0.00293
  2853	0.00293
   192	0.00293
   532	0.00293
     5	0.00293
   291	0.00293
     6	0.00293
   466	0.00293
   155	0.00293
  2553	0.00293
     2	0.00293
   125	0.00293
  1528	0.00293
    54	0.00293
  3741	0.00293
  1379	0.00293
  1115	0.00293
  1244	0.00293
   328	0.00293
  1316	0.00293
  1910	0.00293
    36	0.00293
     2	0.00293
   341	0.00293
   382	0.00293
   427	0.00293
  2352	0.00293
   404	0.00293
   430	0.00293
   549	0.00293
   184	0.00293
   469	0.00293
    27	0.00293
   461	0.00293
  1003	0.00293
    72	0.00293
    63	0.00293
   550	0.00293
   992	0.00293
   432	0.00293
   196	0.00293
  2036	0.00293
    24	0.00293
  2502	0.00293
     3	0.00293
   421	0.00293
   440	0.00293
     4	0.00293
    94	0.00293
    70	0.00293
   379	0.00293
   286	0.00293
    38	0.00293
  1680	0.00293
   468	0.00293
   818	0.00293
    43	0.00293
    48	0.00293
    13	0.00293
     2	0.00293
    736384
   13
