  82
   572	0.00037
   102	0.00037
  9967	0.00037
   332	0.00037
    11	0.00037
  1394	0.00037
 15957	0.00037
  1330	0.00037
  3121	0.00037
   386	0.00037
  1723	0.00037
   229	0.00037
  1247	0.00037
 10142	0.00037
  4729	0.00037
   926	0.00086
  1022	0.00086
   455	0.00086
    15	0.00086
  5564	0.00086
     4	0.00086
  2417	0.00086
   371	0.00086
   168	0.00086
  3981	0.00086
   226	0.00086
  2751	0.00086
    35	0.00086
   364	0.00086
   107	0.00086
    16	0.00086
  5260	0.00086
  1500	0.00086
  1720	0.00086
   178	0.00086
   109	0.00086
   913	0.00086
    22	0.00086
    17	0.00086
     5	0.00086
   595	0.00086
   115	0.00086
   197	0.00086
   136	0.00086
    31	0.00086
  2625	0.00086
    30	0.00086
    10	0.00086
  1670	0.00086
   332	0.00086
   744	0.00392
    13	0.00392
  1017	0.00392
   129	0.00392
   119	0.00392
   102	0.00392
   287	0.00392
  2307	0.00392
   721	0.00392
    32	0.00392
    50	0.00392
   120	0.00392
  6847	0.00392
    76	0.00392
     2	0.00392
    46	0.00392
    43	0.00392
   836	0.00392
   141	0.00392
     7	0.00392
    28	0.00392
    80	0.00392
   747	0.00392
   295	0.00392
   925	0.00392
     2	0.00392
   217	0.00392
     2	0.00392
    31	0.00392
    17	0.00392
    27	0.00392
   277	0.00392
    736384
   19
