 124
   268	0.01389
   115	0.01389
    15	0.01389
    67	0.01389
    51	0.01389
    46	0.01389
   150	0.01389
    33	0.01389
    38	0.01389
   133	0.01389
    53	0.01389
    44	0.01389
    92	0.01389
    23	0.01389
    69	0.01389
   131	0.01389
   234	0.01389
     7	0.01389
   214	0.01389
    20	0.01389
   176	0.01389
   174	0.01389
    40	0.01389
    76	0.01389
    30	0.01389
    17	0.01389
   174	0.01389
    84	0.01389
    18	0.01389
  2054	0.01389
   110	0.01389
   479	0.01389
   437	0.01389
   137	0.01389
   293	0.01389
    13	0.01389
    76	0.01389
    59	0.01389
     5	0.01389
    79	0.01389
    12	0.01389
   721	0.01389
    39	0.01389
    37	0.01389
   247	0.01389
   208	0.01389
    28	0.00990
    83	0.00990
   523	0.00990
     6	0.00990
    87	0.00990
     9	0.00990
     4	0.00990
    15	0.00990
     9	0.00990
    50	0.00990
   265	0.00990
    68	0.00990
    38	0.00990
     2	0.00990
   148	0.00990
    73	0.00990
     7	0.01004
     2	0.01004
    13	0.01004
     9	0.01004
     4	0.01004
   444	0.01004
  1269	0.01004
    71	0.01004
     2	0.01004
    19	0.01004
     6	0.01004
    29	0.01004
    79	0.01004
   145	0.01004
     8	0.01004
   616	0.01004
    51	0.01004
   256	0.01062
   180	0.01062
    12	0.01062
    70	0.01062
   195	0.01062
   630	0.01062
    14	0.01062
    36	0.01062
    34	0.01062
   377	0.01062
   202	0.01062
     4	0.01062
    16	0.01062
    11	0.01062
     8	0.01062
     9	0.01062
    20	0.01062
     3	0.01062
    60	0.01062
     4	0.01062
  1196	0.01062
    22	0.01062
    66	0.01062
    72	0.01062
     2	0.01062
   580	0.01062
    12	0.01062
   411	0.01062
     2	0.01825
   226	0.01825
   139	0.01825
    33	0.01825
    53	0.01825
  1763	0.01825
    36	0.01825
    38	0.01825
    46	0.01825
   106	0.01825
     6	0.01825
    37	0.01825
    37	0.01825
   183	0.01825
   542	0.01825
    25	0.01825
   440	0.01825
   1462494
   17
