  85
     6	0.00045
     6	0.00045
  1451	0.00045
  4426	0.00045
  1333	0.00045
   248	0.00045
   698	0.00045
   945	0.00045
  6035	0.00045
     3	0.00045
   126	0.00045
    52	0.00045
   101	0.00045
   539	0.00088
  4171	0.00088
    64	0.00088
   107	0.00088
  1825	0.00088
   828	0.00088
  2817	0.00088
    16	0.00088
   293	0.00088
   186	0.00088
    42	0.00088
    11	0.00088
    59	0.00088
    57	0.00088
    23	0.00088
    10	0.00088
    12	0.00088
   215	0.00088
   911	0.00088
  5474	0.00088
   800	0.00088
   156	0.00088
  3453	0.00088
    13	0.00088
  1487	0.00088
     4	0.00088
   669	0.00088
   112	0.00088
   473	0.00088
     2	0.00088
    25	0.00088
   199	0.00395
   625	0.00395
   315	0.00395
   479	0.00395
   119	0.00395
    10	0.00395
  1392	0.00395
  1849	0.00395
   298	0.00395
   228	0.00395
    41	0.00395
   597	0.00395
    12	0.00395
     7	0.00395
  2406	0.00395
   244	0.00395
     8	0.00395
   322	0.00395
    37	0.00395
    50	0.00395
     2	0.00395
  1419	0.00395
  5552	0.00395
   188	0.00395
   991	0.00395
    49	0.00395
     5	0.00395
    43	0.00395
     2	0.00395
   273	0.00395
   586	0.00395
  5297	0.00395
    14	0.00395
    10	0.00395
  1292	0.00395
     2	0.00395
     7	0.00395
  1715	0.00395
    16	0.00395
   119	0.00395
    76	0.00395
    736384
   19
