 470
    56	0.01018
   101	0.01018
  2095	0.01018
  9276	0.01018
  3843	0.01018
  2088	0.01018
  2274	0.01018
  2308	0.01018
   341	0.01018
  2531	0.01018
   737	0.01018
   292	0.01018
  2448	0.01018
  3450	0.01018
  1145	0.01018
   583	0.01018
  1884	0.01018
   702	0.01018
  1030	0.01018
   453	0.01018
   792	0.01018
   843	0.01018
   214	0.01018
  3808	0.01018
    20	0.01018
  1148	0.01018
   711	0.01018
  4119	0.01018
   485	0.01018
   175	0.01018
   745	0.01018
  2256	0.01018
  1961	0.01018
  1287	0.01018
   149	0.01018
  2549	0.01018
   628	0.01018
  1047	0.01018
  2380	0.01018
 12015	0.01018
   206	0.01018
  1463	0.01018
  5698	0.01018
  2820	0.01018
  9369	0.01018
   395	0.01018
  4548	0.01018
   835	0.01018
  1757	0.01018
  1141	0.01018
  6007	0.01018
   775	0.01018
  2368	0.01018
   688	0.01018
   288	0.01018
  1745	0.01018
  3912	0.01018
 20339	0.01018
  8599	0.01018
  2046	0.01018
     7	0.01018
   134	0.01018
    12	0.01018
   830	0.01632
   400	0.01632
   296	0.01632
  1645	0.01632
  1030	0.01632
    20	0.01632
   927	0.01632
  2011	0.01632
  1776	0.01632
    12	0.01632
    99	0.01632
   130	0.01632
  1758	0.01632
  1275	0.01632
   143	0.01632
   843	0.01632
   148	0.01632
    22	0.01632
    15	0.01632
  3913	0.01632
  2412	0.01632
  1852	0.01632
    40	0.01632
  1326	0.01632
   471	0.01632
   617	0.01632
   694	0.01632
   906	0.01632
    71	0.01632
    76	0.01632
   173	0.01632
     2	0.01632
   941	0.01632
   723	0.01632
   275	0.01632
   563	0.01632
   269	0.01632
   165	0.01632
  2309	0.01632
    46	0.01632
   913	0.01632
   484	0.01632
  1228	0.01632
     7	0.01632
  1442	0.01632
   250	0.01632
    67	0.01632
    22	0.01632
   496	0.01632
  1941	0.01632
   314	0.01632
    17	0.01632
   478	0.01632
   541	0.01632
   601	0.01632
   254	0.01632
    15	0.01632
  1334	0.01632
    61	0.01632
  3161	0.01632
   288	0.01632
   290	0.01632
   809	0.01632
  1896	0.01632
  1471	0.01632
   991	0.01632
   452	0.01632
    18	0.01632
    43	0.01632
    78	0.01632
  5896	0.01632
   359	0.01632
   695	0.01632
   548	0.01632
   168	0.01632
   783	0.01632
  1968	0.01632
  1238	0.01632
   478	0.01632
   142	0.01632
  1115	0.01632
   333	0.01632
   235	0.01632
  1264	0.01632
    28	0.01632
    24	0.01632
   336	0.01632
   665	0.01632
    93	0.01632
   205	0.01632
     3	0.01632
   414	0.01632
   450	0.01632
   621	0.01632
   121	0.01632
    91	0.01632
   636	0.01632
   247	0.01632
   384	0.01632
    86	0.01632
   172	0.01632
   208	0.01632
  1556	0.01632
  1708	0.01632
   191	0.01632
   543	0.01632
   497	0.01632
    81	0.01632
   914	0.01632
   833	0.01632
    74	0.01632
     2	0.01632
   718	0.01632
  3974	0.01632
  2533	0.01632
   489	0.01632
  1907	0.01632
  2614	0.01632
   260	0.01632
   213	0.01632
    91	0.01632
   339	0.01632
   335	0.01632
  1367	0.01632
   496	0.01632
   646	0.01632
   200	0.01632
   743	0.01632
   274	0.01632
  2220	0.01632
   167	0.01632
   446	0.01632
   110	0.01632
    45	0.01632
   320	0.01632
    88	0.01632
   144	0.01632
  1197	0.01632
   214	0.01632
   550	0.01632
   910	0.01632
   167	0.01632
   270	0.01632
   320	0.01632
    67	0.01632
   283	0.01632
   401	0.01632
  1345	0.01632
   341	0.01632
   120	0.01632
   169	0.01632
   332	0.01632
    33	0.01632
    45	0.01632
  1648	0.01632
   577	0.01632
   323	0.01632
    85	0.01632
  1015	0.01632
   306	0.01632
  1312	0.01632
   214	0.01632
   313	0.01632
   147	0.01632
    57	0.01632
    56	0.01632
   101	0.01632
  7733	0.01632
    68	0.01632
   517	0.01632
     9	0.01632
  1810	0.01632
   787	0.01632
   324	0.01632
   125	0.01632
   107	0.01632
    77	0.01632
  4063	0.01632
   262	0.01632
     2	0.01632
  1291	0.01632
  9884	0.01632
  5054	0.01632
  3655	0.01632
     7	0.01632
  6009	0.01632
     4	0.01632
     9	0.01632
     5	0.01632
  1397	0.01632
  3541	0.01632
     2	0.01632
   370	0.01632
   370	0.01632
 11592	0.01632
   433	0.01632
  4011	0.01632
  1954	0.01632
  2398	0.01632
  1774	0.01632
   761	0.01632
    58	0.01632
   135	0.01632
    11	0.01632
   268	0.01632
   129	0.01632
   216	0.01632
  3977	0.01632
    94	0.01632
   266	0.01632
  4100	0.01632
   122	0.01632
    90	0.01632
  2345	0.01632
   297	0.01632
   767	0.01632
   745	0.01632
    27	0.01632
   253	0.01632
   342	0.01632
  2855	0.01632
    87	0.01632
   136	0.01632
  1052	0.01632
   263	0.01632
   280	0.01632
   294	0.01022
   156	0.01022
   150	0.01022
  1468	0.01022
  1600	0.01022
  1312	0.01022
    60	0.01022
    42	0.01022
   278	0.01022
  2779	0.01022
     3	0.01022
    91	0.01022
    44	0.01022
    34	0.01022
   226	0.01022
   750	0.01022
    43	0.01022
    14	0.01022
    15	0.01022
   340	0.01022
    40	0.01022
    18	0.01022
    27	0.01022
    24	0.01022
   719	0.01022
    58	0.01022
   267	0.01022
    57	0.01022
    13	0.01022
     2	0.01022
   602	0.01022
   158	0.01022
   312	0.01022
   159	0.01022
    37	0.01022
   175	0.01022
   429	0.01022
    55	0.01022
    31	0.01022
    16	0.01022
   104	0.01022
     2	0.01022
  3587	0.01022
  5782	0.01022
   194	0.01022
  1002	0.01022
   152	0.01022
   933	0.01022
   801	0.01022
    21	0.01022
   217	0.01022
   215	0.01022
     5	0.01022
   187	0.01022
  1524	0.01022
     6	0.01022
   664	0.01022
  1267	0.01022
  3678	0.01022
   295	0.01022
  3448	0.01022
   387	0.01022
   238	0.01022
  1242	0.01022
  1116	0.01022
    98	0.01022
     2	0.01022
  2729	0.01022
    17	0.01022
    71	0.01022
    44	0.01022
  1225	0.01022
  2994	0.01022
    23	0.01022
    62	0.01022
  1543	0.01022
    65	0.01022
   534	0.01022
    24	0.01022
   934	0.01022
    12	0.01022
   268	0.01022
    19	0.01022
    60	0.01022
   904	0.01022
   423	0.01022
  1127	0.01022
  7755	0.01022
   237	0.01022
   107	0.01022
  4213	0.01022
    17	0.01022
    30	0.01022
    59	0.01022
   600	0.01022
   526	0.01022
   449	0.01022
  2624	0.01022
   346	0.01022
    94	0.01022
   117	0.01022
  2987	0.01022
   109	0.01022
     7	0.01022
   578	0.01022
   138	0.01022
   388	0.01022
    96	0.01022
   382	0.01022
   668	0.01022
   387	0.01022
   190	0.01022
    15	0.01022
   364	0.01022
  2226	0.01022
   335	0.01022
   719	0.01022
    49	0.01022
   623	0.01022
   417	0.01022
  4338	0.01022
   944	0.01022
   193	0.01022
   107	0.01022
    68	0.01022
   115	0.01022
   247	0.01022
   138	0.01022
   181	0.01022
  1236	0.01022
   129	0.01022
     3	0.01022
    30	0.01022
   736	0.01022
  1194	0.01022
  1166	0.01022
   432	0.01022
    46	0.01022
  3340	0.01022
   371	0.01022
  1156	0.01022
   196	0.01022
   440	0.01022
  1540	0.01022
  4661	0.01022
    26	0.01022
   723	0.01022
    91	0.01022
    54	0.01022
     2	0.01022
   196	0.01022
   193	0.01022
   122	0.01022
    81	0.01022
  1301	0.01022
   117	0.01022
   119	0.01022
     5	0.01022
  3020	0.01022
  1000	0.01022
   116	0.01022
   395	0.01022
    67	0.01022
    28	0.01022
  1246	0.01022
    43	0.01022
   103	0.01022
    20	0.01022
   111	0.01022
   936	0.01022
  2616	0.01022
   265	0.01022
     3	0.01022
  2196	0.01022
   849	0.01022
    44	0.01022
   423	0.01022
    44	0.01022
     4	0.01022
    47	0.01022
   103	0.01022
    876941
   24
