  77
  2254	0.00213
   581	0.00213
   200	0.00213
    36	0.00213
   170	0.00213
  2361	0.00213
  1010	0.00213
  1026	0.00213
   132	0.00213
    52	0.00213
   369	0.00213
   931	0.00213
  3541	0.00213
   450	0.00213
   436	0.00213
  1630	0.00213
   153	0.00213
     7	0.00213
    44	0.00213
     2	0.00213
   234	0.00213
  4691	0.00213
  2049	0.00213
  5076	0.00213
   642	0.00213
  2629	0.00213
    22	0.00213
  1774	0.00213
     3	0.00213
  1304	0.00213
   286	0.00213
   777	0.00213
    35	0.00213
  2530	0.00213
   474	0.00213
    27	0.00213
   330	0.00213
   109	0.00213
   130	0.00213
    66	0.00213
    82	0.00213
   899	0.00213
   232	0.00213
     2	0.00213
     9	0.00213
    94	0.00213
   268	0.00213
   268	0.00213
   325	0.00213
     3	0.00213
   543	0.00213
   347	0.00213
    68	0.00213
     4	0.00213
   107	0.00213
     4	0.00213
    50	0.00213
  1160	0.00213
    21	0.00213
     6	0.00213
  1859	0.00213
    33	0.00213
    15	0.00213
    40	0.00213
    76	0.00213
    40	0.00213
   429	0.00213
     2	0.00213
    14	0.00213
   226	0.00213
   457	0.00213
     3	0.00213
   488	0.00213
   473	0.00213
   145	0.00213
  3321	0.00213
   210	0.00213
    182266
   12
