 254
   875	0.00054
   957	0.00054
  4562	0.00054
  3150	0.00054
  4715	0.00054
  1904	0.00054
     2	0.00054
  2611	0.00054
   221	0.00054
   457	0.00054
  2240	0.00054
  7355	0.00054
  3835	0.00054
   225	0.00054
   843	0.00054
  1208	0.00054
  8760	0.00054
  1488	0.00054
     8	0.00054
  8489	0.00054
   625	0.00054
     4	0.00054
  2240	0.00054
     9	0.00054
  3591	0.00054
  1678	0.00054
  1288	0.00054
    81	0.00054
  9616	0.00054
    86	0.00054
    48	0.00054
  7998	0.00054
  1478	0.00054
  1729	0.00054
 34262	0.00054
   788	0.00054
  8200	0.00054
 17028	0.00054
  6858	0.00054
  9869	0.00054
   767	0.00054
     5	0.00049
   199	0.00049
  4061	0.00049
 35161	0.00049
  3387	0.00049
     5	0.00049
 21538	0.00049
 18890	0.00049
   597	0.00049
  2519	0.00049
  2391	0.00049
     3	0.00049
    93	0.00049
  3624	0.00049
  5633	0.00049
     3	0.00049
  3436	0.00049
  5180	0.00049
  1308	0.00049
     6	0.00049
  2627	0.00049
    98	0.00049
     5	0.00049
  1479	0.00049
  2987	0.00049
  1098	0.00049
  2982	0.00049
   490	0.00049
   173	0.00049
  1335	0.00049
    16	0.00049
  2121	0.00049
 96542	0.00049
  5839	0.00049
 11926	0.00122
 10923	0.00122
 11597	0.00122
   223	0.00122
  2557	0.00122
  3429	0.00122
 31660	0.00122
 20460	0.00122
  1773	0.00122
  9287	0.00122
  1841	0.00122
  5730	0.00122
  2500	0.00122
     6	0.00122
   359	0.00122
    10	0.00122
 32462	0.00122
  1495	0.00122
   542	0.00122
 19606	0.00122
   330	0.00122
  1529	0.00122
    71	0.00122
   426	0.00122
  4842	0.00122
    45	0.00122
 30088	0.00122
  2230	0.00122
  8141	0.00122
  2568	0.00122
   457	0.00122
 24471	0.00122
  4213	0.00122
  1764	0.00122
 10271	0.00122
   990	0.00122
  4753	0.00122
   170	0.00122
   694	0.00122
  8455	0.00122
  2740	0.00122
  9521	0.00122
   196	0.00122
 11816	0.00122
   547	0.00122
 14085	0.00122
   146	0.00122
  5827	0.00122
  4774	0.00188
 22553	0.00188
   261	0.00188
  2244	0.00188
  9928	0.00188
   277	0.00188
    85	0.00188
  1906	0.00188
  5903	0.00188
 21602	0.00188
  5399	0.00188
 11208	0.00188
  1020	0.00188
     2	0.00188
 12866	0.00188
118201	0.00188
    35	0.00188
   263	0.00188
  2686	0.00188
   556	0.00188
  5603	0.00188
   358	0.00188
  1171	0.00188
 16869	0.00188
  1908	0.00188
  5875	0.00188
  4446	0.00188
   217	0.00188
     6	0.00188
    99	0.00188
   278	0.00188
    52	0.00188
 11080	0.00188
    89	0.00188
 14597	0.00188
  9877	0.00188
   572	0.00188
 14868	0.00188
 24952	0.00188
 18215	0.00188
 10173	0.00188
   800	0.00188
   124	0.00188
  1456	0.00188
  3106	0.00188
  1844	0.00188
   439	0.00188
  8785	0.00188
 10918	0.00188
   124	0.00188
  1456	0.00188
     2	0.00188
     5	0.00188
   647	0.00188
   986	0.00188
   103	0.00188
     3	0.00188
   860	0.00053
  2067	0.00053
     2	0.00053
  5182	0.00053
 14150	0.00053
  4612	0.00053
 10322	0.00053
   497	0.00053
  2131	0.00053
     6	0.00053
   831	0.00053
     2	0.00053
     7	0.00053
     3	0.00053
     2	0.00053
     3	0.00053
    49	0.00053
   872	0.00053
    76	0.00053
     3	0.00053
  2247	0.00053
  2791	0.00053
   775	0.00053
   976	0.00053
   773	0.00053
    77	0.00053
 21228	0.00053
  9767	0.00053
   462	0.00053
   878	0.00053
  2257	0.00053
   851	0.00053
  1847	0.00053
 12045	0.00053
    45	0.00053
     2	0.00053
     5	0.00053
   358	0.00053
    16	0.00053
  3263	0.00029
 16138	0.00029
   504	0.00029
  6907	0.00029
   464	0.00029
  1597	0.00029
  5304	0.00029
  6905	0.00029
  2915	0.00029
  4439	0.00029
   478	0.00029
  8762	0.00029
  1423	0.00029
  2677	0.00029
   200	0.00029
    17	0.00029
 34985	0.00029
 57779	0.00029
 30594	0.00029
  3407	0.00029
  6535	0.00029
   469	0.00029
  2915	0.00029
  1248	0.00023
157111	0.00023
 93636	0.00023
110874	0.00023
  4586	0.00023
 14013	0.00023
145230	0.00023
254787	0.00020
 79175	0.00020
   937	0.00020
    43	0.00020
 30012	0.00020
   2059712
   25
