 137
    24	0.01023
   554	0.01023
   622	0.01023
    59	0.01023
   507	0.01023
    16	0.01023
   127	0.01023
     5	0.01023
   207	0.01023
    13	0.01023
   105	0.01023
    60	0.01023
    64	0.01023
   173	0.01023
    13	0.01023
   109	0.01023
    16	0.01023
   230	0.01023
  1056	0.00688
    79	0.00688
   165	0.00688
   535	0.00688
     8	0.00688
    17	0.00688
    40	0.00688
    25	0.00688
   478	0.00688
   223	0.00688
   240	0.00688
   463	0.00688
   531	0.00688
   398	0.00688
   111	0.00688
   701	0.00688
   112	0.00688
    13	0.00688
   429	0.00688
   251	0.00688
     2	0.00688
   498	0.00688
   343	0.00688
   199	0.00688
    93	0.00688
   878	0.00647
    22	0.00647
  1656	0.00647
    99	0.00647
    47	0.00647
   588	0.00647
   230	0.00647
    58	0.00647
   456	0.00647
  1676	0.00647
    40	0.00647
     7	0.00647
    33	0.00647
   534	0.00647
    68	0.00647
  2432	0.00647
    20	0.00647
   169	0.00647
     7	0.00647
    21	0.00647
    64	0.00647
   268	0.00647
    11	0.00647
     8	0.00647
    20	0.00647
   479	0.00647
    86	0.00647
    74	0.00647
     2	0.00647
   406	0.00647
   467	0.00647
   544	0.00647
    15	0.00647
    61	0.00647
   218	0.00647
    31	0.00647
    99	0.00647
     3	0.00647
    63	0.00647
    34	0.00647
    21	0.00647
     3	0.00737
   231	0.00737
  2257	0.00737
    48	0.00737
    42	0.00737
    19	0.00737
    50	0.00737
     9	0.00737
     4	0.00737
     5	0.00737
   158	0.00737
    37	0.00737
    59	0.00737
   224	0.00737
   136	0.00737
   560	0.00737
   163	0.00737
     8	0.00737
     3	0.00737
    67	0.00737
   191	0.00737
   167	0.00737
   186	0.00737
   408	0.00737
   442	0.00737
  1236	0.00737
    51	0.00737
    14	0.00737
   545	0.00737
   121	0.00737
    20	0.00737
   302	0.00737
   540	0.00737
    30	0.00737
    63	0.00737
   350	0.00737
    76	0.01016
   332	0.01016
    22	0.01016
     2	0.01016
   379	0.01016
   349	0.01016
     5	0.01016
   627	0.01016
   100	0.01016
   124	0.01016
   646	0.01016
   243	0.01016
   103	0.01016
   769	0.01016
   351	0.01016
   931	0.01016
   125	0.01016
   1462494
   13
