  75
 60570	0.00009
 58951	0.00009
  6954	0.00009
 26772	0.00009
110465	0.00014
 14365	0.00014
  9792	0.00014
 51422	0.00014
  1579	0.00014
 21020	0.00014
 82004	0.00014
 53399	0.00014
     6	0.00014
 39924	0.00017
  6195	0.00017
 47928	0.00017
  8890	0.00017
  9471	0.00017
  1649	0.00017
   163	0.00017
 24268	0.00017
 16278	0.00017
 24247	0.00017
   275	0.00017
 14761	0.00017
   483	0.00017
   157	0.00017
   480	0.00018
 27486	0.00018
 44963	0.00018
    82	0.00018
  2659	0.00018
 27206	0.00018
    80	0.00018
150197	0.00018
 26563	0.00018
    20	0.00018
     4	0.00027
  6686	0.00027
   591	0.00027
  5304	0.00027
 23028	0.00027
     7	0.00027
  7227	0.00027
 10858	0.00027
 32102	0.00027
    24	0.00027
 12952	0.00027
 29138	0.00027
     3	0.00027
  1237	0.00023
  3574	0.00023
  3433	0.00023
 10034	0.00023
 13260	0.00023
     3	0.00023
  2295	0.00023
 15387	0.00023
   762	0.00023
  2461	0.00023
  3256	0.00023
 10295	0.00023
  3772	0.00023
 10216	0.00023
  3796	0.00023
  7981	0.00023
  6470	0.00023
    21	0.00023
 16514	0.00014
 26704	0.00014
 32477	0.00014
 49054	0.00014
   127	0.00014
  7878	0.00014
 13368	0.00014
   1768582
   24
