 197
    15	0.01285
    88	0.01285
   267	0.01285
   262	0.01285
   164	0.01285
   206	0.01285
   856	0.01285
   415	0.01285
     7	0.01285
   498	0.01285
    34	0.01285
   362	0.01285
    14	0.01285
    84	0.01285
    85	0.01285
    24	0.01285
    44	0.01285
    13	0.01285
    67	0.01285
    51	0.01285
   790	0.01285
   218	0.01285
     9	0.01285
     9	0.01285
     3	0.01285
    66	0.01285
   105	0.01285
    58	0.01285
    17	0.01285
    17	0.01285
   245	0.01285
    11	0.01285
    11	0.01285
   134	0.01285
   142	0.01285
   129	0.01285
     2	0.01285
  2307	0.01285
     2	0.01285
    59	0.01285
    83	0.01285
   115	0.01285
    44	0.01285
    80	0.01285
    21	0.01285
   208	0.01285
   842	0.01285
    76	0.01285
     2	0.01285
    36	0.01285
    22	0.01285
   154	0.01285
   209	0.01285
   376	0.01285
   607	0.01285
   166	0.01285
   186	0.01285
     2	0.01285
     4	0.01285
   207	0.01285
    42	0.01285
   528	0.01285
   240	0.01285
   428	0.01285
   106	0.01285
  1432	0.01285
   280	0.01285
   198	0.01285
     4	0.01285
   178	0.01285
   245	0.01285
  1621	0.01285
    34	0.01285
   595	0.01285
    28	0.01285
     4	0.01285
     2	0.01285
   207	0.01285
     4	0.01285
   228	0.01285
   111	0.01285
    97	0.01285
    34	0.01285
     4	0.01285
    35	0.01285
   367	0.01285
     2	0.01285
     4	0.01285
     7	0.01285
    64	0.01285
   105	0.01285
    54	0.01285
   709	0.01285
   177	0.01285
    76	0.01285
    62	0.01285
   123	0.01285
  1903	0.01285
    14	0.01653
   226	0.01653
     6	0.01653
   109	0.01653
    70	0.01653
     3	0.01653
    44	0.01653
  1020	0.01653
    23	0.01653
    32	0.01653
    14	0.01653
     3	0.01653
    13	0.01653
     7	0.01653
     3	0.01653
    58	0.01653
     2	0.01653
    51	0.01653
     4	0.01653
    59	0.01653
     7	0.01653
    10	0.01653
     3	0.01653
    46	0.01653
    22	0.01653
   132	0.01653
   512	0.01653
  1737	0.01653
     2	0.01653
    61	0.01653
    31	0.01653
     4	0.01653
    52	0.01653
    25	0.01653
    70	0.01653
    15	0.01653
    69	0.01653
    57	0.01653
    12	0.01653
    15	0.01653
    75	0.01653
    52	0.01653
   366	0.01653
  1949	0.01653
    94	0.01653
    69	0.01653
     2	0.01653
     4	0.01653
    18	0.01653
   125	0.01653
    42	0.01653
     5	0.01653
   182	0.01653
    70	0.01653
   115	0.01653
   755	0.01653
    29	0.01653
     6	0.01653
     3	0.01653
    12	0.01653
    87	0.01653
    17	0.01653
    39	0.01653
    34	0.01653
    41	0.01653
    24	0.01653
    83	0.01653
    32	0.01653
    42	0.01653
    29	0.01653
    16	0.01653
    73	0.01653
     4	0.01653
    67	0.01653
    13	0.01653
    27	0.01653
     2	0.01653
    14	0.01653
    40	0.01653
     2	0.01653
   352	0.01653
   150	0.01653
     7	0.01653
     2	0.01653
     2	0.01653
   356	0.01653
    14	0.01653
     6	0.01653
     9	0.01653
     8	0.01653
     2	0.01653
     7	0.01653
     3	0.01653
    25	0.01653
   297	0.01653
    15	0.01653
    26	0.01653
    29	0.01653
    12	0.01653
    823970
   24
