  71
  1599	0.00940
   163	0.00940
   233	0.00940
    44	0.00940
    63	0.00940
    65	0.00940
  1114	0.00940
   269	0.00940
    27	0.00940
   102	0.00940
   386	0.00940
  1547	0.00940
   301	0.00940
   347	0.00940
   158	0.00940
   142	0.00940
   350	0.00940
   224	0.00940
  1359	0.00940
   218	0.00940
   145	0.00940
    85	0.00940
   303	0.00940
    17	0.00940
   134	0.00940
    67	0.00940
    23	0.00940
   154	0.00940
   569	0.00940
  1935	0.00940
   225	0.00940
     2	0.00940
  1908	0.00940
    31	0.00940
     2	0.00940
   245	0.00940
   274	0.00940
   521	0.00940
    34	0.00940
   332	0.00940
  1557	0.00940
   504	0.00940
   148	0.00940
    22	0.00940
    44	0.00940
  1869	0.00940
   472	0.00940
   629	0.00940
    29	0.00940
    91	0.00940
   174	0.00940
    77	0.00940
   412	0.00940
   510	0.00940
   140	0.00940
   470	0.00940
   733	0.00940
     3	0.00940
    19	0.00940
   259	0.00940
   342	0.00940
   188	0.00940
    19	0.00940
   153	0.00940
    56	0.00940
   695	0.00940
   202	0.00940
   182	0.00940
     6	0.00940
    22	0.00940
    21	0.00940
    259516
   18
