 766
     6	0.00749
    27	0.00749
     3	0.00749
   230	0.00749
  9425	0.00749
     2	0.00749
     4	0.00749
   505	0.00749
    10	0.00749
     7	0.00749
   414	0.00749
    50	0.00749
   869	0.00749
     2	0.00749
    60	0.00749
    12	0.00749
     6	0.00749
   293	0.00749
   507	0.00749
   476	0.00749
    17	0.00749
     7	0.00749
   538	0.00749
  1760	0.00749
   609	0.00749
    50	0.00749
    17	0.00749
    33	0.00749
   336	0.00749
    10	0.00749
     4	0.00749
    11	0.00749
    16	0.00749
    17	0.00749
    67	0.00749
     4	0.00749
    31	0.00749
   207	0.00749
  1242	0.00749
   218	0.00749
    11	0.00749
  2160	0.00749
   260	0.00749
   432	0.00749
     2	0.00749
     6	0.00749
     6	0.00749
   103	0.00749
   285	0.00749
   275	0.00749
     4	0.00749
   244	0.00749
   447	0.00749
     3	0.00749
    70	0.00749
    17	0.00749
   604	0.00749
    24	0.00749
   325	0.00749
    37	0.00749
    43	0.00749
   616	0.00749
     5	0.00749
    21	0.00749
   204	0.00749
    12	0.00749
    30	0.00749
   313	0.00749
   321	0.00749
  1023	0.00749
  3348	0.00749
   556	0.00749
     4	0.00749
   288	0.00749
   107	0.00749
    57	0.00749
     9	0.00749
    38	0.00749
    50	0.00749
  1666	0.00749
     2	0.00749
    12	0.00749
   460	0.00749
    60	0.00749
   727	0.00749
  3825	0.00749
   103	0.00749
    15	0.00749
    19	0.00749
   151	0.00749
    36	0.00749
   386	0.00749
   439	0.00749
    11	0.00749
   486	0.00749
  4322	0.00749
    11	0.00749
   127	0.00749
    42	0.00749
  5719	0.00749
   989	0.00749
   199	0.00749
   662	0.00749
  3000	0.00749
  4296	0.00749
     5	0.00749
     2	0.00749
     3	0.00749
   971	0.00749
   260	0.00749
     4	0.00749
   546	0.00749
   319	0.00749
   351	0.00749
   271	0.00749
    27	0.00749
   685	0.00749
   676	0.00749
    15	0.00749
    31	0.00749
   497	0.00749
   649	0.00749
    26	0.00749
  3702	0.00749
   270	0.00749
   261	0.00749
     6	0.00749
   320	0.00749
  2870	0.00749
  1971	0.00749
  2141	0.00749
    97	0.00749
   102	0.00749
   443	0.00749
    44	0.00749
   473	0.00749
     3	0.00749
    47	0.00749
    31	0.00749
    16	0.00749
  1379	0.00749
    23	0.00749
     6	0.00749
     4	0.00749
    11	0.00749
    15	0.00749
    10	0.00749
   460	0.00749
   247	0.00749
   276	0.00749
    34	0.00749
   210	0.00749
    33	0.00749
   638	0.00749
     2	0.00749
    26	0.00749
   213	0.00749
   488	0.00749
   664	0.00749
    62	0.00749
    50	0.00749
   279	0.00749
   160	0.00749
   241	0.00749
    52	0.00749
    59	0.00749
   558	0.00749
    15	0.00749
    27	0.00749
    24	0.00749
     2	0.00749
   230	0.00749
   421	0.00749
     4	0.00749
     3	0.00749
  1879	0.00749
    66	0.00749
  1039	0.00749
   103	0.00749
   138	0.00749
     5	0.00223
   142	0.00223
    68	0.00223
     3	0.00223
     2	0.00223
   712	0.00223
    85	0.00223
    16	0.00223
   226	0.00223
   162	0.00223
    37	0.00223
   468	0.00223
   146	0.00223
  1281	0.00223
  1455	0.00223
   128	0.00223
     5	0.00223
   175	0.00223
    16	0.00223
    23	0.00223
  4543	0.00223
 32447	0.00223
     8	0.00223
  1835	0.00223
   235	0.00223
  2429	0.00223
  1127	0.00223
   281	0.00223
  2857	0.00223
   884	0.00223
    62	0.00223
     8	0.00223
    46	0.00223
   539	0.00223
   324	0.00223
    17	0.00223
   691	0.00223
  1448	0.00223
   355	0.00223
   407	0.00223
  2747	0.00223
  1341	0.00223
   248	0.00223
   763	0.00223
  1171	0.00223
   160	0.00223
   237	0.00223
  3869	0.00223
  5413	0.00223
  2535	0.00223
   349	0.00223
  1031	0.00223
  1252	0.00223
  1216	0.00223
  2473	0.00223
  1269	0.00223
    15	0.00223
     3	0.00223
     8	0.00223
  1035	0.00223
     2	0.00223
  3418	0.00223
   312	0.00223
    85	0.00223
  4556	0.00223
  3676	0.00223
    26	0.00223
   976	0.00223
  1615	0.00223
   199	0.00223
  1383	0.00223
   640	0.00223
  2341	0.00223
  3135	0.00223
  9995	0.00223
   414	0.00223
  2121	0.00223
  1297	0.00223
    33	0.00223
    16	0.00223
   623	0.00223
   705	0.00223
   334	0.00223
  2133	0.00223
  8253	0.00223
     2	0.00223
   502	0.00223
  4852	0.00223
  2949	0.00223
     4	0.00223
    11	0.00223
   460	0.00223
   241	0.00223
   294	0.00223
  1204	0.00223
   281	0.00223
   926	0.00223
    19	0.00223
  3254	0.00223
    26	0.00223
    23	0.00223
     3	0.00223
   471	0.00223
  5039	0.00223
     2	0.00223
   528	0.00223
   169	0.00223
   554	0.00223
  4729	0.00223
    17	0.00223
   104	0.00223
     6	0.00223
   599	0.00223
  1873	0.00223
    45	0.00223
  1570	0.00223
    69	0.00223
  1593	0.00435
  2243	0.00435
  2651	0.00435
 11790	0.00435
  8050	0.00435
     5	0.00435
  2030	0.00435
  2377	0.00435
   659	0.00435
    27	0.00435
   142	0.00435
    34	0.00435
  3456	0.00435
    86	0.00435
  3051	0.00435
   608	0.00435
    65	0.00435
  3526	0.00435
 10894	0.00435
 10158	0.00435
  3152	0.00435
  5872	0.00435
 11383	0.00435
   133	0.00435
    57	0.00435
  3491	0.00435
    49	0.00435
   109	0.00435
  1038	0.00435
   574	0.00435
   450	0.00435
    25	0.00435
   293	0.00435
    11	0.00435
   268	0.00435
    82	0.00435
    36	0.00435
    24	0.00435
     4	0.00435
    29	0.00435
  2392	0.00435
   297	0.00435
  1496	0.00435
  1379	0.00435
     5	0.00435
  7884	0.00435
    73	0.00435
    43	0.00435
     6	0.00435
    33	0.00435
    16	0.00435
  8966	0.00435
  8952	0.00435
   989	0.00435
   854	0.00435
    14	0.00435
   825	0.00435
    64	0.00435
   100	0.00435
     5	0.00435
  1446	0.00435
   464	0.00435
   380	0.00435
  7782	0.00435
     2	0.00435
    33	0.00435
     2	0.00435
   411	0.00435
   142	0.00435
   146	0.00435
 11877	0.00435
   828	0.00435
    46	0.00435
   463	0.00435
    23	0.00435
    95	0.00435
    82	0.00435
  1117	0.00435
  2975	0.00435
   758	0.00435
   128	0.00435
    64	0.00435
 21713	0.00435
   535	0.00435
    70	0.00435
  1136	0.00435
     2	0.00435
    75	0.00435
   252	0.00435
  2200	0.00435
  5389	0.00435
     8	0.00435
   220	0.00435
  2293	0.00435
  1117	0.00435
    80	0.00435
 13624	0.00435
  2763	0.00435
    29	0.00435
 11137	0.00435
  2385	0.00435
   473	0.00435
     4	0.00435
    24	0.00435
  3895	0.00435
  2156	0.00435
   346	0.00435
    36	0.00435
  2322	0.00435
  5720	0.00435
   105	0.00435
  9943	0.00435
    44	0.00435
  9423	0.00435
   722	0.00435
   162	0.00435
  8705	0.00435
  6230	0.00435
  3903	0.00435
  1111	0.00435
  1608	0.00435
   186	0.00435
     3	0.00435
  1211	0.00435
 18081	0.00435
     4	0.00435
  3096	0.00435
  2451	0.00435
  2292	0.00347
   420	0.00347
  2817	0.00347
  5349	0.00347
  5172	0.00347
  1012	0.00347
  1482	0.00347
  9194	0.00347
 21774	0.00347
   152	0.00347
   765	0.00347
  2620	0.00347
  1642	0.00347
     8	0.00347
  1326	0.00347
     2	0.00347
   435	0.00347
    19	0.00347
   443	0.00347
     6	0.00347
   383	0.00347
   681	0.00347
    37	0.00347
    34	0.00347
     5	0.00347
  2705	0.00347
  7056	0.00347
   947	0.00347
   272	0.00347
  2078	0.00347
  2881	0.00347
   625	0.00347
   295	0.00347
  7826	0.00347
  1541	0.00347
    39	0.00347
   483	0.00347
  1887	0.00347
  2274	0.00347
  1425	0.00347
  2195	0.00347
   628	0.00347
  2482	0.00347
  3344	0.00347
   227	0.00347
    13	0.00347
  2430	0.00347
  1396	0.00347
    85	0.00347
    93	0.00347
    26	0.00347
    39	0.00347
   181	0.00347
   378	0.00347
     8	0.00347
   446	0.00347
   567	0.00347
   154	0.00347
  6173	0.00347
   197	0.00347
   408	0.00347
  1687	0.00347
    64	0.00347
    13	0.00347
  1206	0.00347
   185	0.00347
    75	0.00347
  2026	0.00347
  5691	0.00347
    42	0.00347
  4904	0.00347
  1239	0.00347
  2828	0.00347
  2607	0.00347
     8	0.00347
  2766	0.00347
    12	0.00347
    46	0.00347
  4438	0.00347
    99	0.00347
    34	0.00347
  1564	0.00347
    17	0.00347
     8	0.00347
    37	0.00347
    53	0.00347
     4	0.00347
   279	0.00347
  8897	0.00347
   471	0.00347
   604	0.00347
  1237	0.00347
  2198	0.00347
  1572	0.00347
    54	0.00347
  6330	0.00347
   185	0.00347
   352	0.00347
     8	0.00347
    77	0.00347
   148	0.00347
   230	0.00347
   988	0.00347
   274	0.00347
    13	0.00347
   278	0.00347
    46	0.00347
    53	0.00347
  3670	0.00347
  4372	0.00347
   634	0.00347
 20813	0.00347
  2107	0.00347
  5038	0.00347
 15041	0.00347
  2421	0.00347
   361	0.00347
  1323	0.00347
     8	0.00347
   110	0.00347
  3121	0.00347
  1801	0.00347
   232	0.00347
   983	0.00347
 25437	0.00347
  1756	0.00347
  7010	0.00347
  5594	0.00347
    14	0.00347
  8420	0.00347
 13152	0.00347
  2240	0.00347
 10642	0.00347
   906	0.00347
   601	0.00347
  3789	0.00347
  1779	0.00347
  7010	0.00347
    53	0.00347
  1117	0.00347
    74	0.00347
   115	0.00347
   391	0.00347
   188	0.00347
     3	0.00347
    58	0.00347
   101	0.00097
  6425	0.00097
  1104	0.00097
  2950	0.00097
  4282	0.00097
   569	0.00097
 31467	0.00097
   225	0.00097
  1533	0.00097
     5	0.00097
    23	0.00097
  1735	0.00097
  2973	0.00097
   222	0.00097
    17	0.00097
     2	0.00097
  2641	0.00097
  2061	0.00097
   124	0.00097
   378	0.00097
   852	0.00097
   575	0.00097
   154	0.00097
   556	0.00097
  3445	0.00097
    47	0.00097
  1505	0.00097
     2	0.00097
  1901	0.00097
    55	0.00097
  3721	0.00097
  5840	0.00097
  1603	0.00097
  1212	0.00097
 46538	0.00097
   664	0.00097
  3662	0.00097
  1875	0.00097
  2202	0.00097
  3125	0.00097
  2787	0.00097
  5043	0.00097
    97	0.00097
  1013	0.00097
  1446	0.00097
  1238	0.00097
  1542	0.00097
    25	0.00097
  1278	0.00097
  3618	0.00097
  1556	0.00097
  5349	0.00097
  1105	0.00097
  4786	0.00097
    40	0.00097
  1609	0.00097
  1126	0.00097
   352	0.00097
  3636	0.00097
   958	0.00097
  1298	0.00097
  2668	0.00097
  3606	0.00097
  1512	0.00097
  3099	0.00097
   705	0.00097
     4	0.00097
  1963	0.00097
    43	0.00097
   452	0.00097
    21	0.00097
  7349	0.00097
     2	0.00097
   503	0.00097
    30	0.00097
  2496	0.00097
  2842	0.00097
  2992	0.00097
     3	0.00097
     2	0.00097
    61	0.00097
   376	0.00097
  1551	0.00097
  1228	0.00097
  1058	0.00097
   689	0.00097
  1925	0.00097
  2245	0.00097
  1019	0.00097
  1401	0.00097
  3049	0.00097
  2599	0.00097
  2014	0.00097
   459	0.00097
  4478	0.00097
     2	0.00097
   553	0.00097
   959	0.00097
     6	0.00097
  2807	0.00097
 31130	0.00097
  1048	0.00097
   784	0.00097
  3879	0.00097
  3117	0.00097
   588	0.00097
   363	0.00097
     3	0.00097
   369	0.00097
    11	0.00097
     8	0.00097
     6	0.00097
 16619	0.00097
  8202	0.00097
  1089	0.00097
   170	0.00097
 24196	0.00031
  4628	0.00031
 15194	0.00031
  9099	0.00031
  6060	0.00031
  2538	0.00031
 13414	0.00031
  5873	0.00031
 10037	0.00031
 24346	0.00031
 12455	0.00031
    40	0.00031
   650	0.00031
  2873	0.00031
  1582	0.00031
     9	0.00031
  6002	0.00031
 19517	0.00031
 12970	0.00031
 48903	0.00031
   135	0.00031
 20484	0.00031
   387	0.00031
 20122	0.00031
 17752	0.00031
  1144	0.00031
    70	0.00031
    28	0.00031
 32377	0.00031
 27578	0.00031
     9	0.00031
 19342	0.00031
 10217	0.00031
    14	0.00031
   169	0.00031
   291	0.00031
 37340	0.00031
  1376	0.00031
 32807	0.00015
146336	0.00015
  1111	0.00015
  6123	0.00015
 45309	0.00015
156313	0.00015
  6564	0.00015
 69968	0.00015
    29	0.00015
  7775	0.00015
  1559	0.00015
   219	0.00015
 11337	0.00015
 70135	0.00015
104256	0.00015
  3854	0.00015
  1703	0.00015
  5727	0.00015
 18382	0.00015
 10689	0.00026
 93170	0.00026
 22305	0.00026
 31412	0.00026
 10737	0.00026
    35	0.00026
   258	0.00026
 12644	0.00026
    34	0.00026
    58	0.00026
 72455	0.00026
 33415	0.00026
  1586	0.00026
 75559	0.00026
   784	0.00026
  2935	0.00026
 45605	0.00026
  2113	0.00026
    40	0.00026
180287	0.00026
    14	0.00026
  5135	0.00026
   2059712
   24
