 339
   181	0.01043
   608	0.01043
  1172	0.01043
   367	0.01043
   123	0.01043
   183	0.01043
   410	0.01043
    13	0.01043
   199	0.01043
   249	0.01043
    86	0.01043
   302	0.01043
   194	0.01043
    80	0.01043
   169	0.01043
    58	0.01043
   300	0.01043
    80	0.01043
   772	0.01043
    84	0.01043
  2869	0.01043
   376	0.01043
   341	0.01043
   220	0.01043
    70	0.01043
   262	0.01043
   121	0.01043
    25	0.01043
    42	0.01043
   128	0.01043
    58	0.01043
   950	0.01043
    85	0.01043
   375	0.01043
  1350	0.01043
    45	0.01043
     9	0.01043
    84	0.01043
   781	0.01043
  1183	0.01043
   339	0.01043
   397	0.01043
   347	0.01043
    71	0.01043
   211	0.01043
   314	0.01043
   262	0.01043
   371	0.01043
    71	0.01043
   736	0.01043
    18	0.01043
   626	0.01043
    48	0.01043
    43	0.01043
  1681	0.01043
   499	0.01043
    46	0.01043
    18	0.01043
    52	0.01043
   155	0.01043
   442	0.01043
   754	0.01043
    15	0.01043
  2685	0.01043
   213	0.01043
   430	0.01043
     2	0.01043
   832	0.01043
    10	0.01043
    80	0.01043
    12	0.01043
    10	0.01043
     4	0.01043
  1696	0.01043
    48	0.01043
     2	0.01043
    85	0.01043
   375	0.01043
    37	0.01043
    47	0.01043
   147	0.01043
   146	0.01167
   111	0.01167
     5	0.01167
    77	0.01167
   490	0.01167
   348	0.01167
     3	0.01167
    18	0.01167
    45	0.01167
   117	0.01167
   166	0.01167
     4	0.01167
     2	0.01167
    21	0.01167
    12	0.01167
     8	0.01167
   347	0.01167
     4	0.01167
   238	0.01167
    30	0.01167
     8	0.01167
   142	0.01167
    19	0.01167
   294	0.01167
    81	0.01167
    57	0.01167
   111	0.01167
   244	0.01167
     8	0.01167
   883	0.01167
    17	0.01167
    25	0.01167
    70	0.01167
   352	0.01167
   178	0.01167
   134	0.01167
    41	0.01167
    18	0.01167
   893	0.01167
    12	0.01167
    25	0.01167
     5	0.01167
    86	0.01167
   640	0.01167
   585	0.01167
   575	0.01167
   322	0.01167
   190	0.01167
   190	0.01167
    31	0.01167
    35	0.01167
     3	0.01167
  1335	0.01167
   107	0.01167
    31	0.01167
  2658	0.01167
    74	0.01167
     7	0.01167
    35	0.01167
    69	0.01167
   357	0.01167
    17	0.01167
   215	0.01167
     4	0.01167
    46	0.01167
   210	0.01167
    85	0.01167
   171	0.01167
   664	0.01167
    85	0.01167
    70	0.00864
  1943	0.00864
     2	0.00864
    23	0.00864
     3	0.00864
   145	0.00864
  1689	0.00864
  1209	0.00864
  1581	0.00864
   328	0.00864
    71	0.00864
  3900	0.00864
    18	0.00864
   674	0.00864
   126	0.00864
     3	0.00864
  1184	0.00864
   192	0.00864
     3	0.00864
     9	0.00864
    10	0.00864
    34	0.00864
  1066	0.00864
   866	0.00864
     6	0.00864
    69	0.00864
    91	0.00864
    34	0.00864
  1760	0.00864
  2003	0.00864
  2381	0.00864
   422	0.00864
    25	0.00864
   746	0.00864
   394	0.00864
    23	0.00864
    25	0.00864
    94	0.00864
   162	0.00864
   366	0.00864
   536	0.00864
    32	0.00864
   473	0.00864
    21	0.00864
   297	0.00864
   166	0.00864
   128	0.00864
    64	0.00864
   105	0.00864
    11	0.00864
    37	0.00864
   463	0.00864
  3764	0.00864
    18	0.00864
   674	0.00864
   518	0.00864
    84	0.00864
   115	0.00864
   739	0.00864
  1125	0.00901
     8	0.00901
    63	0.00901
   152	0.00901
   122	0.00901
   242	0.00901
   414	0.00901
    36	0.00901
   457	0.00901
   279	0.00901
     4	0.00901
    61	0.00901
     3	0.00901
   114	0.00901
   137	0.00901
     3	0.00901
   116	0.00901
     3	0.00901
     3	0.00901
     2	0.00901
    41	0.00901
   730	0.00901
     9	0.00901
   363	0.00901
   411	0.00901
   346	0.00901
     4	0.00901
   173	0.00901
    17	0.00901
   140	0.00901
     4	0.00901
    33	0.00901
    73	0.00901
    70	0.00901
    52	0.00901
    16	0.00901
   142	0.00901
   354	0.00901
    41	0.00901
     6	0.00901
    45	0.00901
    60	0.00901
    23	0.00901
     4	0.00901
    26	0.00901
   151	0.00816
   106	0.00816
   167	0.00816
   151	0.00816
    23	0.00816
   469	0.00816
   212	0.00816
     3	0.00816
    85	0.00816
     2	0.00816
   772	0.00816
   166	0.00816
    47	0.00816
   346	0.00816
   499	0.00816
     9	0.00816
   398	0.00816
    64	0.00816
    11	0.00816
    19	0.00816
     7	0.00816
   294	0.00816
   346	0.00816
   499	0.00816
     9	0.00816
   141	0.00816
    32	0.00816
    91	0.00816
   803	0.00816
    88	0.00816
    67	0.00816
     2	0.00816
   125	0.00816
   107	0.00816
   100	0.00816
  2385	0.00816
  1003	0.00816
   881	0.00816
    71	0.00816
   126	0.00816
     5	0.00816
  1566	0.00816
    88	0.00816
   973	0.00816
   263	0.00816
   320	0.00816
    22	0.00816
    82	0.00816
   564	0.00816
   469	0.00816
    58	0.00816
    75	0.00816
   259	0.00816
   999	0.00816
     7	0.00816
  1084	0.00816
   335	0.00816
   193	0.00816
     4	0.00816
     2	0.00816
  2513	0.00816
     5	0.00816
   712	0.00816
    27	0.00816
   192	0.00816
   151	0.00816
     2	0.00816
    92	0.00816
   683	0.00816
   290	0.00816
    88	0.00816
    36	0.00816
  1834	0.00816
   189	0.00816
   273	0.00816
     9	0.00816
   614	0.00816
     4	0.00816
   109	0.00816
   685	0.00816
     7	0.00816
    15	0.00816
   106	0.00816
   435	0.00816
   1495096
   24
