 432
    32	0.01432
   646	0.01432
     8	0.01432
    16	0.01432
    10	0.01432
     9	0.01432
    90	0.01432
   133	0.01432
     3	0.01432
     2	0.01432
    11	0.01432
   670	0.01432
   986	0.01432
   249	0.01432
    32	0.01432
    94	0.01432
   212	0.01432
   706	0.01432
    58	0.01432
    33	0.01432
     9	0.01432
    88	0.01432
     3	0.01432
   355	0.01432
    21	0.01432
     3	0.01432
    46	0.01432
    24	0.01432
   489	0.01432
   126	0.01432
     4	0.01432
    19	0.01432
   439	0.01432
   919	0.01432
   241	0.01432
   106	0.01432
   232	0.01432
     5	0.01432
   244	0.01432
   117	0.01432
    14	0.01432
     3	0.01432
    11	0.01432
     3	0.01432
    89	0.01432
    19	0.01432
    69	0.01432
    57	0.01432
   690	0.01432
  1318	0.01432
     4	0.01432
    56	0.01432
    64	0.01432
    14	0.01432
   306	0.01432
    55	0.01432
    28	0.01432
    98	0.01432
   207	0.01432
   311	0.01432
    97	0.01432
   262	0.01432
     3	0.01432
    21	0.01432
   225	0.01432
    23	0.01432
    35	0.01432
   464	0.01432
    29	0.01432
    95	0.01432
   436	0.01432
    12	0.01432
     4	0.01432
  1724	0.01432
     2	0.01432
    12	0.01432
    14	0.01432
     2	0.01432
    52	0.01432
     8	0.01432
    62	0.01432
    36	0.01432
    19	0.01432
     4	0.01432
     7	0.01432
     7	0.01432
     7	0.01432
     6	0.01432
    52	0.01432
  2617	0.01432
    13	0.01432
    12	0.01432
     2	0.01432
     2	0.01432
   145	0.01432
     9	0.01432
     3	0.01432
   927	0.01432
  1966	0.01432
    90	0.01432
    33	0.01432
    22	0.01432
   913	0.01432
    63	0.01432
   313	0.01432
    32	0.01432
    63	0.01432
   104	0.01432
   133	0.01432
    29	0.01432
     6	0.01432
   226	0.01432
    39	0.01432
   200	0.01432
    49	0.01432
   176	0.01432
    13	0.01432
    13	0.01432
    33	0.01432
   127	0.01432
    11	0.01432
   120	0.01432
    15	0.01432
   403	0.01034
    62	0.01034
  6803	0.01034
     2	0.01034
     8	0.01034
   386	0.01034
   109	0.01034
    17	0.01034
   726	0.01034
  1032	0.01034
    51	0.01034
    22	0.01034
     2	0.01034
    10	0.01034
    41	0.01034
   548	0.01034
   913	0.01034
     7	0.01034
   217	0.01034
    29	0.01034
     3	0.01034
  1036	0.01034
    82	0.01034
   962	0.01034
    10	0.01034
   205	0.01034
    13	0.01034
   516	0.01034
   169	0.01034
   575	0.01034
    12	0.01034
    32	0.01034
    27	0.01034
    66	0.01034
   357	0.01034
    88	0.01034
   392	0.01034
   159	0.01034
    87	0.01034
    75	0.01034
     7	0.01034
    21	0.01034
     3	0.01034
    16	0.01034
   652	0.01034
   764	0.01034
    42	0.01034
   375	0.01034
   189	0.01034
   171	0.01034
   764	0.01034
   514	0.01034
    10	0.01034
   123	0.01034
    13	0.01034
   211	0.01034
   490	0.01034
     4	0.01034
   516	0.01034
    18	0.01034
     4	0.01034
  1482	0.01034
   192	0.01034
   129	0.01034
   632	0.01034
   115	0.01034
   301	0.01034
    15	0.01034
    67	0.01034
   547	0.01034
   172	0.01034
   189	0.01034
    42	0.01034
    59	0.01034
   206	0.01034
     2	0.01034
    40	0.01034
     3	0.01034
     2	0.01034
    73	0.01034
   122	0.01034
    59	0.01034
     3	0.01034
   583	0.01034
   489	0.01034
   605	0.01034
  1408	0.01034
    12	0.01034
   255	0.01034
   210	0.01034
   535	0.01034
  4426	0.01034
    10	0.01034
   387	0.00992
   264	0.00992
    21	0.00992
    10	0.00992
   533	0.00992
   213	0.00992
   144	0.00992
   191	0.00992
     4	0.00992
   398	0.00992
   208	0.00992
    46	0.00992
    15	0.00992
     5	0.00992
   288	0.00992
   291	0.00992
  1014	0.00992
  2600	0.00992
    34	0.00992
  1071	0.00992
     4	0.00992
    74	0.00992
    10	0.00992
   264	0.00992
    12	0.00992
     3	0.00992
   645	0.00992
   542	0.00992
     7	0.00992
  2170	0.00992
    31	0.00992
    83	0.00992
    22	0.00992
     3	0.00992
     4	0.00992
   116	0.00992
    25	0.00992
     4	0.00992
   359	0.00992
     5	0.00992
     9	0.00992
    11	0.00992
   113	0.00992
  1023	0.00992
   452	0.00992
     6	0.00992
   113	0.00992
    28	0.00992
   263	0.00992
  1026	0.00992
   145	0.00992
    11	0.00992
    87	0.00992
    10	0.00992
     2	0.00992
     4	0.00992
   180	0.00992
  2964	0.00992
     6	0.00992
     7	0.00992
   188	0.00992
   270	0.00992
    11	0.00992
     7	0.00992
    16	0.00992
    11	0.00992
    10	0.00952
     6	0.00952
    10	0.00952
    60	0.00952
    51	0.00952
   672	0.00952
   572	0.00952
    36	0.00952
    27	0.00952
   205	0.00952
     3	0.00952
    26	0.00952
     4	0.00952
     8	0.00952
   179	0.00952
   111	0.00952
   257	0.00952
     7	0.00952
    16	0.00952
    71	0.00952
    57	0.00952
   770	0.00952
    70	0.00952
     3	0.00952
     9	0.00952
   150	0.00952
   178	0.00952
   118	0.00952
    21	0.00952
     2	0.00952
   203	0.00952
   376	0.00952
    49	0.00952
    19	0.00952
    49	0.00952
    85	0.00952
   225	0.00952
   392	0.00952
   242	0.00952
     3	0.00952
    13	0.00952
    64	0.00952
   626	0.00952
   149	0.00952
     7	0.00952
     4	0.00952
    13	0.00952
     2	0.00952
    16	0.00952
     5	0.00952
    13	0.00952
   606	0.00952
    35	0.00952
    13	0.00952
   317	0.00952
   105	0.00952
   248	0.00952
    12	0.00952
    86	0.00952
     7	0.00952
    10	0.00952
     4	0.00952
   187	0.00952
    28	0.00952
  1459	0.00952
   268	0.00952
   118	0.00952
    23	0.00952
    11	0.00952
     4	0.00952
   795	0.00952
   500	0.00952
   591	0.00952
     5	0.00952
     3	0.01573
   162	0.01573
    23	0.01573
    90	0.01573
    13	0.01573
   226	0.01573
     2	0.01573
   152	0.01573
    22	0.01573
    37	0.01573
   650	0.01573
   295	0.01573
   280	0.01573
    12	0.01573
   119	0.01573
    13	0.01573
     3	0.01573
    82	0.01573
    10	0.01573
   258	0.01573
     3	0.01573
   788	0.01573
   826	0.01573
   590	0.01573
     7	0.01573
   342	0.01573
   114	0.01573
     4	0.01573
    21	0.01573
    13	0.01573
   232	0.01573
   378	0.01573
   147	0.01573
     2	0.01573
    48	0.01573
    34	0.01573
    85	0.01573
     2	0.01573
    44	0.01573
   119	0.01573
  3096	0.01573
    22	0.01573
     2	0.01573
   356	0.01573
   917	0.01573
    23	0.01573
   345	0.01573
    59	0.01573
   829	0.01573
    46	0.01573
   872	0.01573
    99	0.01573
   106	0.01573
    57	0.01573
    34	0.01573
   110	0.01573
    14	0.01573
    73	0.01573
    14	0.01573
    61	0.01573
   307	0.01573
    56	0.01573
    67	0.01573
     2	0.01573
  2063	0.01573
   242	0.01573
   333	0.01573
   273	0.01573
   200	0.01573
   163	0.01573
    43	0.01573
     9	0.01573
     2	0.01573
     2	0.01573
    41	0.01573
    87	0.01573
   1462494
   24
