 358
    13	0.00455
    37	0.00455
   140	0.00455
     3	0.00455
     6	0.00455
    68	0.00455
   144	0.00455
    33	0.00455
   415	0.00455
   151	0.00455
     4	0.00455
     2	0.00455
   659	0.00455
     5	0.00455
   341	0.00455
   493	0.00455
   732	0.00455
   365	0.00455
   371	0.00455
  1139	0.00455
    55	0.00455
    32	0.00455
    53	0.00455
   275	0.00455
   413	0.00455
    46	0.00455
   139	0.00455
   223	0.00455
    14	0.00455
    81	0.00455
    76	0.00455
    18	0.00455
     6	0.00455
  1327	0.00455
    99	0.00455
   111	0.00455
    43	0.00455
     3	0.00455
   100	0.00455
    74	0.00455
    81	0.00455
   204	0.00455
    59	0.00455
     2	0.00455
   169	0.00455
    66	0.00455
   243	0.00455
     5	0.00455
   547	0.00455
   168	0.00455
    63	0.00455
    17	0.00455
    37	0.00455
    12	0.00455
    11	0.00455
    30	0.00455
   158	0.00455
    29	0.00455
    21	0.00455
    42	0.00455
   964	0.00455
     5	0.00455
    41	0.00455
   572	0.00455
    57	0.00455
   138	0.00455
     4	0.00455
     5	0.00455
   372	0.00455
   302	0.00455
    46	0.00455
    62	0.00455
    32	0.00455
    11	0.00455
     3	0.00455
     2	0.00455
   681	0.00455
   839	0.00455
     4	0.00455
   115	0.00455
    11	0.00455
     2	0.00455
    38	0.00455
   924	0.00455
    43	0.00455
   208	0.00455
     2	0.00455
   502	0.00455
     5	0.00455
   241	0.00455
   649	0.00455
     2	0.00455
   474	0.00455
     8	0.00455
   467	0.00455
    55	0.00455
    13	0.00455
  1162	0.00455
   568	0.00455
    38	0.00455
   506	0.00520
   192	0.00520
    17	0.00520
     6	0.00520
    32	0.00520
     2	0.00520
   347	0.00520
    86	0.00520
    89	0.00520
  2374	0.00520
   413	0.00520
     3	0.00520
     2	0.00520
   357	0.00520
   558	0.00520
    47	0.00520
   285	0.00520
    56	0.00520
    24	0.00520
    90	0.00520
    32	0.00520
     3	0.00520
     4	0.00520
   143	0.00520
    14	0.00520
    66	0.00520
    12	0.00520
   201	0.00520
    21	0.00520
   165	0.00520
    49	0.00520
    23	0.00520
    14	0.00520
    99	0.00520
     6	0.00520
   640	0.00520
   318	0.00520
   183	0.00520
   261	0.00520
    31	0.00520
     4	0.00520
   159	0.00520
   817	0.00520
    14	0.00520
    99	0.00520
    76	0.00520
     9	0.00520
   168	0.00520
    19	0.00520
   214	0.00520
   352	0.00520
   912	0.00520
  1827	0.00520
    16	0.00520
   283	0.00520
   232	0.00520
    46	0.00520
    29	0.00520
    97	0.00520
    21	0.00520
     6	0.00520
   160	0.00520
     7	0.00520
  2692	0.00434
   184	0.00434
     2	0.00434
    30	0.00434
   466	0.00434
    92	0.00434
   482	0.00434
     9	0.00434
   198	0.00434
    19	0.00434
   629	0.00434
   399	0.00434
   146	0.00434
    20	0.00434
     6	0.00434
   243	0.00434
   247	0.00434
   151	0.00434
    89	0.00434
   160	0.00434
     9	0.00434
   173	0.00434
    35	0.00434
   478	0.00434
    99	0.00434
    31	0.00434
   442	0.00434
    55	0.00434
   135	0.00434
    40	0.00434
   310	0.00434
   325	0.00434
  1577	0.00434
    13	0.00425
    36	0.00425
    16	0.00425
   333	0.00425
   394	0.00425
   537	0.00425
    16	0.00425
     8	0.00425
    64	0.00425
     2	0.00425
     8	0.00425
    19	0.00425
  1453	0.00425
   333	0.00425
  1270	0.00425
   921	0.00425
   477	0.00425
    85	0.00425
   313	0.00425
    31	0.00425
     2	0.00425
   346	0.00425
   541	0.00425
    19	0.00425
    22	0.00425
   349	0.00425
   199	0.00425
   544	0.00425
     2	0.00425
     5	0.00425
    47	0.00425
   228	0.00425
   339	0.00425
     5	0.00425
     3	0.00425
    38	0.00425
  1122	0.00425
   170	0.00425
    15	0.00425
   380	0.00425
    84	0.00425
   228	0.00425
    70	0.00425
    28	0.00425
   282	0.00425
    29	0.00425
   283	0.00425
   111	0.00425
   390	0.00425
    19	0.00425
    69	0.00425
     2	0.00425
   146	0.00425
   161	0.00425
     3	0.00425
     7	0.00425
    14	0.00425
     9	0.00425
     9	0.00425
     2	0.00425
   373	0.00425
     4	0.00425
    17	0.00425
    19	0.00425
     4	0.00425
    29	0.00425
   714	0.00425
   734	0.00425
     4	0.00425
    35	0.00425
   100	0.00419
    13	0.00419
    29	0.00419
     3	0.00419
    36	0.00419
   139	0.00419
    69	0.00419
     2	0.00419
    34	0.00419
   160	0.00419
   400	0.00419
     7	0.00419
   808	0.00419
    24	0.00419
    23	0.00419
     6	0.00419
   605	0.00419
   175	0.00419
     5	0.00419
    64	0.00419
   514	0.00419
    44	0.00419
    12	0.00419
   126	0.00419
   109	0.00419
    38	0.00419
   151	0.00419
   286	0.00419
  1104	0.00419
    41	0.00419
     2	0.00419
    64	0.00419
   115	0.00419
   263	0.00419
   296	0.00419
   126	0.00419
    19	0.00419
    21	0.00419
   101	0.00419
    54	0.00419
    78	0.00419
   481	0.00419
     3	0.00419
     5	0.00419
    21	0.00419
     2	0.00419
   248	0.00419
   463	0.00419
   337	0.00419
    10	0.00419
     6	0.00419
    22	0.00419
   517	0.00419
    15	0.00419
     4	0.00419
    16	0.00419
    89	0.00419
     7	0.00419
   210	0.00419
    41	0.00419
   396	0.00419
    66	0.00419
   127	0.00419
   172	0.00419
    70	0.00419
  1750	0.00419
   346	0.00419
  1216	0.00419
   114	0.00419
   292	0.00419
    70	0.00419
     7	0.00419
     7	0.00419
    16	0.00419
    26	0.00419
   240	0.00419
    46	0.00419
   449	0.00419
     7	0.00419
   139	0.00419
     7	0.00419
     5	0.00419
   214	0.00419
   385	0.00419
  1127	0.00419
     3	0.00419
   702	0.00419
    10	0.00419
    43	0.00419
     2	0.00419
   622	0.00419
    75	0.00419
   1495096
   12
