 885
    83	0.00994
    79	0.00994
   220	0.00994
    12	0.00994
     2	0.00994
   101	0.00994
   168	0.00994
   310	0.00994
    78	0.00994
     3	0.00994
     6	0.00994
   201	0.00994
     2	0.00994
    20	0.00994
    54	0.00994
   274	0.00994
   160	0.00994
    29	0.00994
   100	0.00994
   105	0.00994
     7	0.00994
    42	0.00994
   787	0.00994
   768	0.00994
   137	0.00994
  1060	0.00994
    59	0.00994
   133	0.00994
    13	0.00994
    18	0.00994
     8	0.00994
     2	0.00994
     2	0.00994
   543	0.00994
     7	0.00994
    39	0.00994
    25	0.00994
  4705	0.00994
   101	0.00994
    83	0.00994
    26	0.00994
     9	0.00994
    28	0.00994
    25	0.00994
     6	0.00994
   175	0.00994
     2	0.00994
    38	0.00994
    95	0.00994
    37	0.00994
    14	0.00994
   127	0.00994
    38	0.00994
     2	0.00994
    29	0.00994
  1129	0.00994
    24	0.00994
     2	0.00994
     9	0.00994
   355	0.00994
   295	0.00994
   166	0.00994
    73	0.00994
    13	0.00994
     2	0.00994
  1385	0.00994
    83	0.00994
     9	0.00994
     8	0.00994
    25	0.00994
   468	0.00994
   379	0.00994
    71	0.00994
    73	0.00994
    72	0.00994
    67	0.00994
  1083	0.00994
   273	0.00994
     4	0.00994
     4	0.00994
   118	0.00994
   253	0.00994
   122	0.00994
    28	0.00994
   263	0.00994
   278	0.00994
   354	0.00994
   959	0.00994
    18	0.00994
    34	0.00994
     2	0.00994
    47	0.00994
    42	0.00994
     2	0.00994
    21	0.00994
   167	0.00994
   788	0.00994
   110	0.00994
    47	0.00994
   148	0.00994
    70	0.00952
     6	0.00952
    80	0.00952
     2	0.00952
     9	0.00952
     7	0.00952
    33	0.00952
    15	0.00952
    19	0.00952
    34	0.00952
    46	0.00952
    17	0.00952
     8	0.00952
   516	0.00952
   406	0.00952
   292	0.00952
   529	0.00952
     2	0.00952
    56	0.00952
    20	0.00952
     6	0.00952
    62	0.00952
    84	0.00952
    36	0.00952
    14	0.00952
    10	0.00952
   103	0.00952
     2	0.00952
    35	0.00952
    33	0.00952
    70	0.00952
   264	0.00952
    67	0.00952
  2245	0.00952
     4	0.00952
   448	0.00952
   100	0.00952
     4	0.00952
  1831	0.00952
   208	0.00952
    68	0.00952
   239	0.00952
   217	0.00952
    66	0.00952
     3	0.00952
    71	0.00952
    49	0.00952
    13	0.00952
    35	0.00952
   156	0.00952
  2666	0.00952
  3054	0.00952
    22	0.00952
 14108	0.00952
   366	0.00952
   600	0.00952
    40	0.00952
     7	0.00952
   534	0.01078
     2	0.01078
    10	0.01078
     2	0.01078
   390	0.01078
   117	0.01078
   131	0.01078
   406	0.01078
     5	0.01078
     6	0.01078
   110	0.01078
     2	0.01078
    36	0.01078
    14	0.01078
    21	0.01078
    15	0.01078
     3	0.01078
   516	0.01078
   997	0.01078
    25	0.01078
    14	0.01078
    18	0.01078
   116	0.01078
     9	0.01078
     5	0.01078
     4	0.01078
     7	0.01078
   219	0.01078
    60	0.01078
    84	0.01078
     3	0.01078
     5	0.01078
    26	0.01078
     2	0.01078
    34	0.01078
    12	0.01078
   397	0.01078
   175	0.01078
    37	0.01078
    67	0.01078
   391	0.01078
   213	0.01078
   472	0.01078
    13	0.01078
     4	0.01078
   914	0.01078
     2	0.01078
     4	0.01078
    83	0.01078
   143	0.01078
    15	0.01078
   534	0.01078
   281	0.01078
     7	0.01078
     4	0.01078
    53	0.01078
   124	0.01078
   140	0.01078
     6	0.01078
    15	0.01078
     2	0.01078
     2	0.01078
   353	0.01078
    86	0.01078
     2	0.01078
     7	0.01078
     4	0.01078
     4	0.01078
    57	0.01078
    64	0.01245
    43	0.01245
    65	0.01245
   209	0.01245
  1447	0.01245
     5	0.01245
    63	0.01245
   566	0.01245
   353	0.01245
     3	0.01245
    36	0.01245
   730	0.01245
    31	0.01245
    49	0.01245
   261	0.01245
   907	0.01245
     6	0.01245
    45	0.01245
     2	0.01245
   221	0.01245
    53	0.01245
     2	0.01245
    49	0.01245
   145	0.01245
    18	0.01245
   129	0.01245
    42	0.01245
    88	0.01245
    36	0.01245
     3	0.01245
    11	0.01245
   170	0.01245
    38	0.01245
    90	0.01245
    22	0.01245
   190	0.01245
    61	0.01245
    41	0.01245
     2	0.01245
   412	0.01245
     3	0.01245
     9	0.01245
     4	0.01245
   242	0.01245
   411	0.01245
     2	0.01245
    73	0.01245
    86	0.01245
     2	0.01245
    28	0.01245
   168	0.01245
    84	0.01245
     2	0.01245
   249	0.01245
   134	0.01245
     8	0.01245
     2	0.01245
    90	0.01245
   234	0.01245
    38	0.01245
     7	0.01245
     2	0.01245
   174	0.01245
    40	0.01245
    79	0.01245
    27	0.01245
    22	0.01245
    93	0.01245
     4	0.01245
    95	0.01245
    15	0.01245
   104	0.01245
    13	0.01245
     2	0.01245
     8	0.01245
    97	0.01245
     4	0.01245
  1347	0.01245
    56	0.01245
    43	0.01245
    65	0.01245
    84	0.01245
     2	0.01438
    88	0.01438
    34	0.01438
    24	0.01438
     7	0.01438
    48	0.01438
    18	0.01438
     5	0.01438
    10	0.01438
   204	0.01438
    30	0.01438
   285	0.01438
    63	0.01438
   141	0.01438
    88	0.01438
    19	0.01438
    57	0.01438
   223	0.01438
    87	0.01438
    54	0.01438
    26	0.01438
    13	0.01438
    12	0.01438
     5	0.01438
   119	0.01438
    33	0.01438
    88	0.01438
   178	0.01438
   579	0.01438
   128	0.01438
    45	0.01438
    21	0.01438
     2	0.01438
    58	0.01438
    34	0.01438
     4	0.01438
    27	0.01438
    26	0.01438
     8	0.01438
    20	0.01438
     3	0.01438
     6	0.01438
    20	0.01438
    26	0.01438
    12	0.01438
     6	0.01438
     2	0.01438
     7	0.01438
     2	0.01438
   177	0.01438
    36	0.01438
     4	0.01438
    57	0.01438
   142	0.01438
   196	0.01438
    30	0.01438
    46	0.01438
    27	0.01438
     2	0.01438
    49	0.01438
   684	0.01438
     3	0.01438
     2	0.01438
    72	0.01438
     2	0.01438
   452	0.01438
    12	0.01438
   802	0.01438
    43	0.01438
   454	0.01438
    19	0.01438
   163	0.01438
    22	0.01438
   315	0.00991
    32	0.00991
     6	0.00991
    28	0.00991
    37	0.00991
   452	0.00991
    47	0.00991
    26	0.00991
   459	0.00991
   370	0.00991
     9	0.00991
     3	0.00991
     2	0.00991
    35	0.00991
   939	0.00991
   647	0.00991
     2	0.00991
   294	0.00991
     7	0.00991
    22	0.00991
   551	0.00991
    58	0.00991
    35	0.00991
    10	0.00991
    39	0.00991
   135	0.00991
    16	0.00991
    45	0.00991
  6312	0.00991
   188	0.00991
   558	0.00991
    69	0.00991
    57	0.00991
   260	0.00991
    64	0.00991
    40	0.00991
   899	0.00991
    27	0.00991
    43	0.00991
   255	0.00991
     2	0.00991
   227	0.00991
  1710	0.00991
    49	0.00991
     3	0.00991
   305	0.00991
   147	0.00991
     2	0.00991
   719	0.00991
  2018	0.00991
   566	0.00991
     8	0.00991
   213	0.00991
    54	0.00991
   472	0.00991
    14	0.00991
    77	0.00991
     6	0.00991
    12	0.00991
   130	0.01017
   161	0.01017
     7	0.01017
   611	0.01017
     2	0.01017
   186	0.01017
   326	0.01017
   168	0.01017
    15	0.01017
   147	0.01017
   148	0.01017
   203	0.01017
    57	0.01017
  1996	0.01017
   878	0.01017
   196	0.01017
   567	0.01017
   294	0.01017
    86	0.01017
     3	0.01017
    33	0.01017
     7	0.01017
     2	0.01017
     8	0.01017
    27	0.01017
    42	0.01017
  2275	0.01017
    27	0.01017
   552	0.01017
   231	0.01017
  1033	0.01017
     2	0.01017
    65	0.01017
    39	0.01017
     5	0.01017
    50	0.01017
    12	0.01017
     9	0.01017
    51	0.01017
   560	0.01017
   231	0.01017
  1985	0.01017
    19	0.01017
     2	0.01017
     3	0.01017
    13	0.01017
   233	0.01017
   228	0.01017
    15	0.01017
     6	0.01017
   134	0.01017
     2	0.01017
     5	0.01017
    84	0.01017
   486	0.01017
     8	0.01017
     6	0.01017
   176	0.01017
    22	0.01017
    96	0.01017
    21	0.01017
     6	0.01017
    21	0.01017
    51	0.01017
    32	0.01017
   511	0.01017
     2	0.01017
   303	0.01017
   212	0.01017
    67	0.01017
     7	0.01017
     2	0.01017
   160	0.01017
     4	0.01017
     4	0.01017
   486	0.01017
    37	0.01017
    37	0.01017
   290	0.01017
    27	0.01017
    18	0.01017
   235	0.01017
     4	0.01129
    10	0.01129
   233	0.01129
    52	0.01129
     4	0.01129
     6	0.01129
     2	0.01129
     2	0.01129
   147	0.01129
   648	0.01129
   127	0.01129
    32	0.01129
     8	0.01129
     5	0.01129
    34	0.01129
     7	0.01129
   197	0.01129
    39	0.01129
   134	0.01129
     5	0.01129
     8	0.01129
    70	0.01129
    84	0.01129
    29	0.01129
    66	0.01129
    13	0.01129
    90	0.01129
     7	0.01129
    80	0.01129
    35	0.01129
    26	0.01129
    97	0.01129
     9	0.01129
    72	0.01129
   434	0.01129
    25	0.01129
    16	0.01129
   891	0.01129
     5	0.01129
    71	0.01129
    23	0.01129
    21	0.01129
   157	0.01129
     7	0.01129
     2	0.01129
   280	0.01129
    56	0.01129
   331	0.01129
    39	0.01129
    89	0.01129
   103	0.01129
  1135	0.01129
   118	0.01129
   110	0.01129
     5	0.01129
    10	0.01129
    16	0.01129
    55	0.01129
    25	0.01129
    26	0.01129
    15	0.01129
    76	0.01129
   109	0.01129
     2	0.01129
   427	0.01129
    19	0.01129
   417	0.01129
    27	0.01129
    14	0.01129
    17	0.01129
    27	0.01129
    14	0.01129
   118	0.01129
    10	0.01129
    10	0.01129
    38	0.01274
     5	0.01274
     4	0.01274
    37	0.01274
   189	0.01274
   237	0.01274
   166	0.01274
   463	0.01274
    33	0.01274
     2	0.01274
     7	0.01274
    90	0.01274
     3	0.01274
   126	0.01274
    87	0.01274
     2	0.01274
   246	0.01274
     3	0.01274
    66	0.01274
    92	0.01274
    41	0.01274
   206	0.01274
    79	0.01274
   295	0.01274
   458	0.01274
    48	0.01274
     4	0.01274
     2	0.01274
    82	0.01274
   146	0.01274
    45	0.01274
   111	0.01274
     8	0.01274
   103	0.01274
    23	0.01274
     2	0.01274
    79	0.01274
   100	0.01274
    27	0.01274
   115	0.01274
   245	0.01274
    68	0.01274
     3	0.01274
    34	0.01274
   187	0.01274
   329	0.01274
   517	0.01274
    47	0.01274
    83	0.01274
   131	0.01274
    84	0.01274
    65	0.01274
   110	0.01274
    41	0.01274
    25	0.01274
   151	0.01274
    11	0.01274
   111	0.01151
    29	0.01151
    30	0.01151
   655	0.01151
   507	0.01151
    72	0.01151
   179	0.01151
  1303	0.01151
   128	0.01151
    65	0.01151
    57	0.01151
    19	0.01151
     7	0.01151
    35	0.01151
     2	0.01151
    53	0.01151
   252	0.01151
     7	0.01151
     7	0.01151
    33	0.01151
    19	0.01151
    13	0.01151
   238	0.01151
     2	0.01151
   194	0.01151
   200	0.01151
     2	0.01151
    16	0.01151
     8	0.01151
   510	0.01151
   105	0.01151
  5047	0.01151
    23	0.01151
    36	0.01151
   328	0.01151
    18	0.01151
    10	0.01151
    18	0.01151
    54	0.01151
    12	0.01151
    17	0.01151
     3	0.01151
     2	0.01151
    82	0.01151
    19	0.01151
     9	0.01151
    14	0.01151
   296	0.01151
    21	0.01151
    33	0.01151
    40	0.01151
    34	0.01151
    10	0.01151
    13	0.01151
    76	0.01151
     6	0.01151
   570	0.01151
    12	0.01151
    13	0.01151
   551	0.01060
   105	0.01060
    47	0.01060
    19	0.01060
     2	0.01060
   244	0.01060
     2	0.01060
    65	0.01060
    30	0.01060
    18	0.01060
    85	0.01060
   186	0.01060
  1581	0.01060
    64	0.01060
    29	0.01060
   147	0.01060
  1362	0.01060
   110	0.01060
     9	0.01060
     3	0.01060
  2097	0.01060
    17	0.01060
    13	0.01060
     8	0.01060
   459	0.01060
    78	0.01060
    25	0.01060
     4	0.01060
   599	0.01060
   262	0.01060
    10	0.01060
     3	0.01060
   176	0.01060
   133	0.01060
   102	0.01060
    73	0.01060
     5	0.01060
   245	0.01060
     8	0.01060
    16	0.01060
    36	0.01060
    10	0.01060
    15	0.01060
     7	0.01060
     5	0.01060
    19	0.01060
   333	0.01060
    45	0.01060
   197	0.01060
     5	0.01060
    10	0.01060
     3	0.01060
   125	0.01060
    40	0.01060
    32	0.01060
    30	0.01060
    89	0.01060
    59	0.01060
    31	0.01060
  1351	0.01060
    39	0.01060
   314	0.01060
    19	0.01060
     3	0.01060
    20	0.01060
    69	0.01060
   301	0.01060
     9	0.01060
   109	0.01060
     6	0.01060
    19	0.01060
     2	0.01060
    16	0.01060
   280	0.01060
   402	0.01060
    70	0.01060
    51	0.01060
   102	0.01060
   241	0.01220
    15	0.01220
     3	0.01220
    11	0.01220
  5090	0.01220
   843	0.01220
    16	0.01220
    17	0.01220
   100	0.01220
   978	0.01220
    23	0.01220
    41	0.01220
   891	0.01220
    28	0.01220
   192	0.01220
    85	0.01220
   181	0.01220
     6	0.01220
     3	0.01220
    17	0.01220
    16	0.01220
    51	0.01220
   102	0.01220
    45	0.01220
    58	0.01220
   292	0.01220
     4	0.01220
    26	0.01220
   203	0.01220
    35	0.01220
    66	0.01220
   772	0.01220
     3	0.01220
    18	0.01220
   654	0.01220
     4	0.01220
     7	0.01220
    48	0.01220
    44	0.01220
   112	0.01220
   298	0.01220
    74	0.01220
   307	0.01220
  1240	0.01220
   325	0.01220
    45	0.01220
    19	0.01220
     2	0.01220
   172	0.01220
  1235	0.01220
    73	0.01220
    74	0.01220
    25	0.01220
    21	0.01220
   852	0.01220
     4	0.01220
   471	0.01220
   115	0.01220
     9	0.01220
    26	0.01220
     3	0.01220
   446	0.01220
   211	0.01220
   156	0.01220
     5	0.01220
    24	0.01220
   311	0.01220
   169	0.01220
    19	0.01220
    32	0.01220
   222	0.01220
    18	0.01220
     2	0.01220
     4	0.01220
    19	0.01220
   133	0.01220
   370	0.01220
  1278	0.01220
     4	0.01220
     2	0.01220
    18	0.01220
   147	0.01220
   285	0.01220
    44	0.01220
     5	0.01220
    40	0.01220
    32	0.01220
    16	0.01220
   112	0.01220
     5	0.01220
   280	0.01220
   180	0.01220
   259	0.01220
   3314151
   25
