 190
    14	0.01140
    20	0.01140
   758	0.01140
   555	0.01140
    67	0.01140
   370	0.01140
    84	0.01140
   117	0.01140
     3	0.01140
    31	0.01140
     8	0.01140
    87	0.01140
    39	0.01140
     2	0.01140
     3	0.01140
   228	0.01140
    18	0.01140
    99	0.01140
   239	0.01140
     4	0.01140
     6	0.01140
   231	0.01140
    27	0.01140
   340	0.01140
   355	0.01140
     4	0.01140
     3	0.01140
    26	0.01140
   150	0.01140
   366	0.01140
     8	0.01140
   931	0.01140
   268	0.01140
    97	0.01140
    10	0.01140
     7	0.01140
     3	0.01140
    16	0.01140
    59	0.01140
     5	0.01140
    21	0.01140
     6	0.01140
   252	0.01140
   259	0.01140
    12	0.01140
   283	0.01140
    62	0.01140
   108	0.01140
    73	0.01140
    13	0.01140
     6	0.01140
    18	0.01140
   186	0.01140
   159	0.01140
    36	0.01270
   101	0.01270
     4	0.01270
    10	0.01270
   153	0.01270
     9	0.01270
   246	0.01270
   276	0.01270
    92	0.01270
     2	0.01270
    46	0.01270
    64	0.01270
     3	0.01270
    89	0.01270
   828	0.01270
   262	0.01270
    44	0.01270
    51	0.01270
    86	0.01270
   123	0.01270
   213	0.01270
     4	0.01270
     5	0.01270
    10	0.01270
   446	0.01270
     2	0.01270
   193	0.01270
   220	0.01270
    56	0.01270
     3	0.01270
  1335	0.01270
   122	0.01270
   114	0.01270
   413	0.01270
   482	0.01270
     4	0.01270
   127	0.01270
   112	0.01270
    27	0.01270
    72	0.01270
    78	0.01270
     6	0.01270
   136	0.01270
     7	0.01270
   786	0.01270
     2	0.01270
    52	0.01270
   116	0.01270
    22	0.01270
  2440	0.01270
   119	0.01270
    80	0.01270
   330	0.01270
    24	0.01270
   279	0.01270
    23	0.01270
    89	0.01137
     4	0.01137
    73	0.01137
    35	0.01137
   784	0.01137
   854	0.01137
   129	0.01137
     7	0.01137
    18	0.01137
     2	0.01137
   309	0.01137
   211	0.01137
    31	0.01137
    13	0.01137
   358	0.01137
   487	0.01137
     6	0.01137
    62	0.01137
    42	0.01137
    25	0.01137
    22	0.01137
   357	0.01137
     8	0.01137
   613	0.01137
    21	0.01137
    24	0.01137
    11	0.01137
   119	0.01137
    28	0.01137
   659	0.01137
    33	0.01137
     2	0.01137
    31	0.01137
     4	0.01137
   100	0.01137
   720	0.01137
   105	0.01137
    19	0.01137
   754	0.01137
   178	0.01137
    71	0.01137
   208	0.01137
    21	0.01137
    22	0.01137
    33	0.01137
    64	0.01137
     4	0.01137
     7	0.01137
     8	0.01137
     2	0.01137
    94	0.01137
    37	0.01137
    15	0.01137
   868	0.01137
     3	0.01137
    12	0.01137
    97	0.01137
    69	0.01137
   481	0.01137
    12	0.01137
    38	0.01137
   161	0.01137
     6	0.01137
   357	0.01137
    52	0.01137
    13	0.01137
     5	0.01137
   537	0.01137
    57	0.01137
   127	0.01137
    21	0.01137
   216	0.01137
    15	0.01137
     5	0.01137
    44	0.01137
   118	0.01137
   129	0.01137
   420	0.01137
    59	0.01137
    11	0.01137
    892056
   18
