 117
    10	0.01243
  1154	0.01243
   212	0.01243
   265	0.01243
     3	0.01243
    31	0.01243
     2	0.01243
   696	0.01243
   272	0.01243
   148	0.01243
   939	0.01243
    68	0.01243
   641	0.01243
    14	0.01243
    19	0.01243
    32	0.01243
   487	0.01243
     7	0.01243
     2	0.01243
   164	0.01243
   367	0.01243
    43	0.01243
    27	0.01243
     6	0.01243
   319	0.01243
   295	0.01243
     6	0.01243
     5	0.01243
   469	0.01243
   262	0.01243
   880	0.01243
   191	0.01436
   259	0.01436
   285	0.01436
    23	0.01436
     7	0.01436
     5	0.01436
   242	0.01436
   620	0.01436
    39	0.01436
    59	0.01436
    22	0.01436
   175	0.01436
    37	0.01436
    10	0.01436
    10	0.01436
   243	0.01436
    19	0.01436
     9	0.01436
   872	0.01436
    64	0.01436
     7	0.01436
    99	0.01436
    65	0.01436
    24	0.01436
     4	0.00968
 16860	0.00968
  1391	0.00968
  7140	0.00968
  1235	0.00968
 15824	0.00968
     2	0.00968
  6528	0.00968
  2499	0.00968
 16948	0.00968
 11721	0.00968
  2588	0.00968
 12632	0.00968
  7615	0.00968
 10596	0.00968
  3883	0.00968
 10307	0.00968
  5725	0.00968
  3621	0.00968
 13478	0.00968
  1785	0.00968
  3357	0.00968
 12197	0.00968
   717	0.00968
  1918	0.00968
  1534	0.00968
 13375	0.00968
 13991	0.00968
  3477	0.00968
   975	0.00968
   264	0.00968
 12199	0.00968
  1753	0.00968
  2836	0.00968
  1533	0.00968
  2205	0.00968
  2504	0.00968
  1730	0.00968
  1234	0.00968
  4399	0.00968
 10088	0.00968
    91	0.00968
   205	0.00968
  1443	0.00968
  6085	0.00968
  3314	0.00968
 20690	0.00968
  3774	0.00968
 45760	0.00968
  3797	0.00968
  8246	0.00968
   908	0.00968
  2525	0.00968
  7295	0.00968
  1908	0.00968
  1417	0.00968
  6905	0.00968
  2493	0.00968
   805	0.00968
  1876	0.00968
 14656	0.00968
  3672	0.00968
    892056
   17
