 101
    25	0.01108
 11290	0.01108
   685	0.01108
   585	0.01108
  6630	0.01108
   296	0.01108
 21403	0.01108
  6240	0.01108
   312	0.01108
  1649	0.01108
  7048	0.01108
  2184	0.01108
 14015	0.01108
  6977	0.01108
 21775	0.01108
 53483	0.01108
  9102	0.01108
  4561	0.01108
   777	0.01108
 11449	0.01108
 29717	0.01108
     2	0.01108
   157	0.01726
    50	0.01726
     3	0.01726
   934	0.01726
    22	0.01726
    85	0.01726
    64	0.01726
 33588	0.01726
  1598	0.01726
    25	0.01726
   213	0.01726
   179	0.01726
   165	0.01726
   147	0.01726
   182	0.01726
   306	0.01726
    77	0.01726
 45737	0.01726
 43248	0.01726
 16015	0.01726
 36172	0.01726
 43520	0.01726
 22455	0.01726
   123	0.00965
  7800	0.00965
 24846	0.00965
 10886	0.00965
  8089	0.00965
   511	0.00965
   173	0.00965
   115	0.00965
   145	0.00965
  3471	0.00965
  5185	0.00965
  1112	0.00965
  5652	0.00965
   103	0.00965
  5019	0.00965
 16751	0.00965
 17513	0.00965
    82	0.00965
 10525	0.00965
  4415	0.00965
  1610	0.00965
  1109	0.00965
  4773	0.00965
 11483	0.00965
 15353	0.00965
 20331	0.00965
  7561	0.00965
 40234	0.00965
 33163	0.00965
  8386	0.00965
 30278	0.00965
   670	0.00965
   203	0.00965
 13267	0.00965
 25369	0.00965
  7030	0.00965
 10355	0.00965
  7403	0.00965
 22615	0.00965
  6787	0.00965
   558	0.00965
   588	0.00965
 12586	0.00965
  7223	0.00965
  3011	0.00965
   662	0.00965
  6195	0.00965
 24948	0.00965
  5790	0.00965
   200	0.00965
 19387	0.00965
  1194	0.00965
 10033	0.00965
 18595	0.00965
 15274	0.00965
  6474	0.00965
    876941
   17
