 932
    18	0.00046
  1176	0.00046
 31622	0.00046
  1892	0.00046
  1497	0.00046
  6419	0.00046
  2365	0.00046
 10731	0.00046
  1209	0.00046
  1461	0.00046
  1311	0.00046
  1521	0.00046
  4020	0.00046
  5524	0.00046
    18	0.00046
  1518	0.00046
     6	0.00046
  1072	0.00046
 12902	0.00046
   115	0.00046
  1347	0.00046
  4469	0.00046
  1366	0.00046
    67	0.00046
  1721	0.00046
  4304	0.00046
  1131	0.00046
   299	0.00046
  2563	0.00046
  3073	0.00046
     9	0.00046
135447	0.00046
   521	0.00046
  8988	0.00043
  6897	0.00043
 28284	0.00043
   456	0.00043
   593	0.00043
   532	0.00043
  1232	0.00043
 72174	0.00043
  7285	0.00043
     2	0.00043
  5065	0.00043
  4321	0.00043
   292	0.00043
    11	0.00043
  1521	0.00043
   224	0.00043
  2363	0.00043
    33	0.00043
     4	0.00043
  1198	0.00043
    35	0.00043
  1647	0.00043
  2807	0.00043
     4	0.00043
   375	0.00043
 10120	0.00043
  7666	0.00043
  8968	0.00043
   125	0.00043
     2	0.00043
   649	0.00043
  4371	0.00043
     3	0.00074
  2623	0.00074
  1389	0.00074
     5	0.00074
  2735	0.00074
  2281	0.00074
   204	0.00074
   119	0.00074
     5	0.00074
  4730	0.00074
  2277	0.00074
  1837	0.00074
113566	0.00074
  8236	0.00074
  1379	0.00074
  1545	0.00074
  1938	0.00074
   665	0.00074
   425	0.00074
 13956	0.00074
   795	0.00074
  2269	0.00074
  1445	0.00074
    58	0.00074
     6	0.00074
  1770	0.00074
  8310	0.00074
  4342	0.00074
  3617	0.00074
  2279	0.00074
  1087	0.00074
   126	0.00074
  7429	0.00074
  1212	0.00074
  1027	0.00074
  1244	0.00074
   246	0.00074
  1441	0.00074
  1135	0.00074
  3880	0.00074
  2457	0.00074
  2740	0.00074
   122	0.00074
  2853	0.00074
    14	0.00074
    10	0.00058
  6666	0.00058
  2755	0.00058
  2457	0.00058
  4667	0.00058
  2135	0.00058
   308	0.00058
     2	0.00058
     9	0.00058
  1184	0.00058
  1492	0.00058
    37	0.00058
  2649	0.00058
   656	0.00058
 22463	0.00058
   447	0.00058
  3385	0.00058
  3175	0.00058
  8128	0.00058
  5139	0.00058
   790	0.00058
   584	0.00058
   887	0.00058
 12082	0.00058
  4969	0.00058
  5399	0.00058
  1207	0.00058
  6934	0.00058
  1381	0.00058
  2210	0.00058
  4607	0.00058
   134	0.00058
  4487	0.00058
  3414	0.00058
   300	0.00058
  8272	0.00058
  4539	0.00058
  3799	0.00058
  2370	0.00058
   452	0.00058
  5247	0.00058
  6838	0.00058
    16	0.00058
  1303	0.00058
   121	0.00058
   350	0.00058
    12	0.00058
  1283	0.00058
  2127	0.00058
     2	0.00056
   357	0.00056
 20821	0.00056
  1689	0.00056
  4301	0.00056
   612	0.00056
  8959	0.00056
 68617	0.00056
    17	0.00056
  7145	0.00056
   200	0.00056
  6217	0.00056
     4	0.00056
 21322	0.00056
 12377	0.00056
   979	0.00056
  1488	0.00056
   106	0.00056
     2	0.00056
  5735	0.00056
   415	0.00056
101878	0.00056
  7452	0.00056
  1275	0.00056
   637	0.00056
   525	0.00056
 23336	0.00056
  2344	0.00056
  6158	0.00056
  8155	0.00056
  1520	0.00056
   232	0.00056
  3638	0.00056
   175	0.00056
  6796	0.00056
  5633	0.00049
 16798	0.00049
   889	0.00049
    72	0.00049
   923	0.00049
  7452	0.00049
   424	0.00049
   570	0.00049
  6313	0.00049
 13522	0.00049
  6006	0.00049
  2296	0.00049
  1803	0.00049
 75473	0.00049
 24361	0.00049
 52897	0.00049
  1936	0.00049
 12122	0.00049
     6	0.00049
 20663	0.00049
    13	0.00049
  1123	0.00049
    14	0.00049
 23861	0.00110
 14349	0.00110
   572	0.00110
  8133	0.00110
  2835	0.00110
    40	0.00110
   739	0.00110
   343	0.00110
  4679	0.00110
  9453	0.00110
  2656	0.00110
  1193	0.00110
  9958	0.00110
  4195	0.00110
     8	0.00110
 19057	0.00110
  3105	0.00110
     8	0.00110
   757	0.00110
   143	0.00110
 26556	0.00110
 10479	0.00110
 20497	0.00110
103930	0.00110
  4799	0.00110
  8348	0.00110
 12081	0.00110
  3071	0.00110
  4296	0.00110
 14078	0.00110
  7956	0.00110
   190	0.00110
  3875	0.00110
     2	0.00110
  5549	0.00110
   403	0.00110
 12229	0.00110
 27184	0.00110
 58365	0.00162
   686	0.00162
   508	0.00162
   556	0.00162
   875	0.00162
  2119	0.00162
    33	0.00162
  1906	0.00162
  6353	0.00162
  9956	0.00162
  2913	0.00162
   129	0.00162
  3253	0.00162
 13325	0.00162
  7414	0.00162
  6707	0.00162
     6	0.00162
  3238	0.00162
  4341	0.00162
  5811	0.00162
   697	0.00162
  2405	0.00162
  2011	0.00162
  7914	0.00162
 19580	0.00162
  8578	0.00162
   100	0.00162
 13781	0.00162
  8623	0.00162
     2	0.00162
    40	0.00162
  6010	0.00162
  9951	0.00162
  1719	0.00162
   295	0.00162
  1177	0.00162
  1729	0.00162
     3	0.00162
    12	0.00162
  4853	0.00162
   414	0.00162
 18550	0.00162
     2	0.00162
  8832	0.00162
  1265	0.00162
  2447	0.00162
  3933	0.00162
  2808	0.00162
  7618	0.00162
  3734	0.00162
  4860	0.00162
    47	0.00162
  1187	0.00162
  9242	0.00162
  1590	0.00162
  4521	0.00162
  1446	0.00162
  4260	0.00162
   956	0.00162
  1976	0.00162
  1116	0.00162
   782	0.00162
  2793	0.00162
    44	0.00162
   569	0.00162
   976	0.00162
  2171	0.00162
   477	0.00162
  3782	0.00162
  1734	0.00143
  4721	0.00143
  6378	0.00143
  8077	0.00143
  2878	0.00143
  1118	0.00143
  6931	0.00143
  5623	0.00143
     2	0.00143
   215	0.00143
  9669	0.00143
  1877	0.00143
   450	0.00143
  1797	0.00143
  1556	0.00143
  1635	0.00143
  5162	0.00143
 12216	0.00143
  9743	0.00143
 13000	0.00143
  4354	0.00143
   850	0.00143
   503	0.00143
  1744	0.00143
  1544	0.00143
  3747	0.00143
  1352	0.00143
  3210	0.00143
   457	0.00143
  7243	0.00143
  3949	0.00143
  2445	0.00143
  4642	0.00143
  2818	0.00143
   737	0.00143
  1410	0.00143
  3867	0.00143
  2238	0.00143
  3392	0.00143
  2807	0.00143
  2308	0.00143
  1483	0.00143
   335	0.00143
  3631	0.00143
  7149	0.00143
   153	0.00143
  2688	0.00143
     2	0.00143
 11903	0.00143
  3348	0.00143
  4015	0.00143
  5471	0.00143
  5397	0.00143
   873	0.00143
  2982	0.00143
    26	0.00143
    13	0.00143
     5	0.00143
    17	0.00143
 11236	0.00143
  1483	0.00143
  4534	0.00143
  1486	0.00143
   648	0.00143
   332	0.00143
   435	0.00143
 34918	0.00143
  6985	0.00143
  1743	0.00143
    10	0.00143
  1100	0.00143
  1274	0.00143
   581	0.00143
    72	0.00143
  2612	0.00143
 10332	0.00143
  3989	0.00143
  1900	0.00143
  2946	0.00143
  4285	0.00143
  4301	0.00084
    18	0.00084
  7976	0.00084
107192	0.00084
 10506	0.00084
  2483	0.00084
 11232	0.00084
  1043	0.00084
  5687	0.00084
  2511	0.00084
   634	0.00084
  2857	0.00084
  2094	0.00084
    83	0.00084
 12685	0.00084
  9719	0.00084
 15599	0.00084
   127	0.00084
    10	0.00084
 15248	0.00084
  2446	0.00084
  5895	0.00084
  2604	0.00084
   664	0.00084
 27773	0.00084
  4532	0.00084
  4224	0.00084
   593	0.00084
  3600	0.00084
  2409	0.00084
 15045	0.00084
  1096	0.00084
  8230	0.00084
   591	0.00084
  3919	0.00084
 29311	0.00084
114086	0.00084
 99340	0.00083
  3491	0.00083
   261	0.00083
   905	0.00083
  2576	0.00083
 29849	0.00083
    29	0.00083
  4203	0.00083
  2869	0.00083
  1674	0.00083
   688	0.00083
  3575	0.00083
  3448	0.00083
  1598	0.00083
  1064	0.00083
  6544	0.00083
  2190	0.00083
  1188	0.00083
  1103	0.00083
     3	0.00083
  4018	0.00083
  4642	0.00083
  1213	0.00083
    24	0.00083
    32	0.00083
     8	0.00083
   231	0.00083
  4946	0.00083
  4070	0.00083
   337	0.00083
  3258	0.00083
     4	0.00083
   210	0.00083
  1763	0.00083
 12907	0.00083
   567	0.00083
    41	0.00083
    33	0.00083
   232	0.00083
  1888	0.00083
   709	0.00083
  3301	0.00083
   212	0.00083
    96	0.00083
 11686	0.00083
  3247	0.00083
  6804	0.00083
  2177	0.00083
   706	0.00083
  9763	0.00083
  1427	0.00083
  2704	0.00083
    11	0.00083
  2494	0.00083
  2791	0.00083
  3309	0.00083
  3790	0.00083
     9	0.00083
   419	0.00083
    11	0.00083
    54	0.00083
  3605	0.00083
  1900	0.00083
  2004	0.00083
  1523	0.00083
  6115	0.00083
  1535	0.00083
  3360	0.00083
   483	0.00083
  2814	0.00083
  1405	0.00129
  2860	0.00129
  1980	0.00129
 16662	0.00129
  1570	0.00129
  4301	0.00129
  9780	0.00129
   142	0.00129
  3795	0.00129
  1193	0.00129
  6627	0.00129
   758	0.00129
  2784	0.00129
  7110	0.00129
   331	0.00129
  6024	0.00129
  2072	0.00129
  5297	0.00129
  8114	0.00129
 59915	0.00129
  2243	0.00129
  4891	0.00129
  2484	0.00129
  3259	0.00129
  9055	0.00129
    67	0.00129
 28137	0.00129
    55	0.00129
  6722	0.00129
  1655	0.00129
  2347	0.00129
   698	0.00129
   910	0.00129
  4909	0.00129
  1356	0.00129
   179	0.00129
  5797	0.00129
   962	0.00129
   567	0.00129
  1552	0.00129
  8135	0.00129
  2258	0.00129
   967	0.00129
   408	0.00129
  1836	0.00129
  5726	0.00129
 12910	0.00129
     2	0.00129
    82	0.00129
  4703	0.00129
   830	0.00129
  3306	0.00129
  4671	0.00129
    20	0.00129
  5828	0.00129
   559	0.00129
    73	0.00129
   571	0.00151
  1234	0.00151
  8877	0.00151
  1013	0.00151
    16	0.00151
  2600	0.00151
  4407	0.00151
  2922	0.00151
  1664	0.00151
  5463	0.00151
   298	0.00151
   750	0.00151
  1076	0.00151
   830	0.00151
   406	0.00151
  1126	0.00151
  2706	0.00151
   865	0.00151
  3930	0.00151
  4108	0.00151
  4144	0.00151
  4846	0.00151
   888	0.00151
   730	0.00151
  1386	0.00151
   702	0.00151
  1396	0.00151
  1125	0.00151
  4516	0.00151
 10889	0.00151
   132	0.00151
    61	0.00151
  3009	0.00151
  5173	0.00151
     6	0.00151
    24	0.00151
  4050	0.00151
   108	0.00151
     2	0.00151
   391	0.00151
   462	0.00151
  2519	0.00151
  2024	0.00151
  4610	0.00151
  2299	0.00151
   138	0.00151
   662	0.00151
  4557	0.00151
  4925	0.00151
 10258	0.00151
 10706	0.00151
    12	0.00151
  5019	0.00151
  6171	0.00151
  5501	0.00151
  3116	0.00151
    31	0.00151
  2306	0.00151
   245	0.00151
   981	0.00151
   684	0.00151
  1204	0.00151
   305	0.00151
   744	0.00151
  3583	0.00151
   184	0.00151
    15	0.00151
  1719	0.00151
   779	0.00151
   723	0.00151
   142	0.00151
     8	0.00151
  2597	0.00151
  1768	0.00151
  3536	0.00151
  8984	0.00151
  1245	0.00151
  5470	0.00151
  1577	0.00151
   338	0.00151
  6154	0.00151
  1420	0.00151
    16	0.00151
  4971	0.00266
  1021	0.00266
  3256	0.00266
    60	0.00266
    26	0.00266
  2894	0.00266
  2407	0.00266
  3260	0.00266
   567	0.00266
  1885	0.00266
    78	0.00266
   687	0.00266
    19	0.00266
  5396	0.00266
     8	0.00266
  4531	0.00266
   167	0.00266
  2376	0.00266
  1678	0.00266
  1579	0.00266
    83	0.00266
  2251	0.00266
    70	0.00266
  1126	0.00266
   530	0.00266
    10	0.00266
   885	0.00266
  2802	0.00266
  4966	0.00266
   674	0.00266
   179	0.00266
   210	0.00266
   469	0.00266
  2544	0.00266
  5698	0.00266
  1621	0.00266
    54	0.00266
    29	0.00266
   881	0.00266
  1033	0.00266
  2069	0.00266
  1457	0.00266
  2262	0.00266
  1496	0.00266
   559	0.00266
  2812	0.00266
    29	0.00266
   381	0.00266
    63	0.00266
  3271	0.00266
   762	0.00266
   378	0.00266
  1660	0.00266
  4870	0.00266
   905	0.00266
   918	0.00266
   527	0.00266
  1348	0.00266
   383	0.00266
     2	0.00266
   764	0.00266
   124	0.00266
    82	0.00266
   299	0.00266
 16047	0.00266
   775	0.00266
  2845	0.00266
  4079	0.00266
  1701	0.00266
   150	0.00266
   696	0.00266
  6223	0.00266
   771	0.00266
  1165	0.00266
  3265	0.00266
  2058	0.00266
  1727	0.00266
   567	0.00266
  4480	0.00266
  4938	0.00266
  3168	0.00266
  1499	0.00266
   778	0.00266
 11336	0.00266
  1059	0.00266
   841	0.00266
   441	0.00266
   614	0.00266
  2290	0.00266
   545	0.00266
   447	0.00266
   653	0.00266
    15	0.00266
   707	0.00266
  4265	0.00266
   845	0.00266
   249	0.00266
   771	0.00266
  7912	0.00361
 10437	0.00361
   326	0.00361
  1922	0.00361
   334	0.00361
    71	0.00361
   901	0.00361
  3118	0.00361
  6745	0.00361
  3656	0.00361
  9984	0.00361
  1401	0.00361
 10916	0.00361
   299	0.00361
   866	0.00361
   216	0.00361
  1339	0.00361
   541	0.00361
    33	0.00361
    56	0.00361
   780	0.00361
  1330	0.00361
   186	0.00361
   149	0.00361
  2307	0.00361
  1639	0.00361
   149	0.00361
  6118	0.00361
  1855	0.00361
   167	0.00361
    13	0.00361
  1531	0.00361
   454	0.00361
  1802	0.00361
    15	0.00361
  1332	0.00361
  1288	0.00361
   493	0.00361
   195	0.00361
  1524	0.00361
  2139	0.00361
   416	0.00361
  4291	0.00361
  2846	0.00361
   227	0.00361
  2427	0.00361
  1591	0.00361
  5135	0.00361
   544	0.00361
  1868	0.00361
  2388	0.00361
  1087	0.00361
 17842	0.00361
  1805	0.00361
   313	0.00361
     7	0.00361
   843	0.00361
  1219	0.00361
  9439	0.00361
    14	0.00361
   487	0.00361
   569	0.00361
     9	0.00361
     4	0.00361
   968	0.01509
   333	0.01509
   621	0.01509
     3	0.01509
    12	0.01509
  1139	0.01509
   144	0.01509
  3097	0.01509
  3060	0.01509
  4041	0.01509
   367	0.01509
  1275	0.01509
  8827	0.01509
  2556	0.01509
   696	0.01509
     4	0.01509
    24	0.01509
   122	0.01509
  6860	0.01509
    42	0.01509
   665	0.01509
   617	0.01509
   221	0.01509
   144	0.01509
   430	0.01509
  5886	0.01509
   884	0.01509
   433	0.01509
109890	0.01509
    15	0.01509
   214	0.01509
    41	0.01509
   457	0.01509
   486	0.01509
   653	0.01509
   357	0.01509
   567	0.01509
    36	0.01509
  1533	0.01509
   191	0.00357
  2465	0.00357
    20	0.00357
  4436	0.00357
   190	0.00357
   208	0.00357
    63	0.00357
   431	0.00357
   593	0.00357
   112	0.00357
  1407	0.00357
   380	0.00357
  4787	0.00357
   192	0.00357
  2066	0.00357
    98	0.00357
     4	0.00357
   555	0.00357
    52	0.00357
   636	0.00357
   697	0.00357
   780	0.00357
    17	0.00357
     7	0.00357
   158	0.00357
  5833	0.00357
  2777	0.00357
    28	0.00357
  6787	0.00357
    12	0.00357
  2805	0.00357
  2261	0.00357
   350	0.00357
   117	0.00357
   126	0.00357
  1076	0.00357
  1126	0.00357
    30	0.00357
    16	0.00357
    24	0.00357
     6	0.00357
    94	0.00357
   136	0.00357
  2760	0.00357
  2949	0.00357
  1191	0.00357
    85	0.00357
    28	0.00357
  2643	0.00357
  3557	0.00357
    10	0.00357
  1041	0.00357
   102	0.00357
    36	0.00357
   800	0.00357
   222	0.00357
   436	0.00357
   622	0.00357
   161	0.00357
104295	0.00357
   987	0.00357
   273	0.00357
     5	0.00357
 12404	0.00357
 21534	0.00357
  1466	0.00357
   220	0.00357
  4621	0.00357
    24	0.00357
    41	0.00357
   644	0.00357
     3	0.00357
   422	0.00357
   211	0.00357
    17	0.00357
   764	0.00357
   310	0.00357
   365	0.00357
    82	0.00357
   267	0.00357
   4313636
   18
