 139
     2	0.00008
 19818	0.00008
 51854	0.00008
 56556	0.00008
    91	0.00017
   103	0.00017
  8275	0.00017
 48383	0.00017
 48890	0.00017
    91	0.00017
 59402	0.00017
   225	0.00017
  3186	0.00017
132786	0.00017
  6905	0.00017
 22522	0.00017
 38468	0.00017
 14792	0.00017
 11605	0.00030
  1594	0.00030
  2156	0.00030
     8	0.00030
    79	0.00030
    37	0.00030
    26	0.00030
  2585	0.00030
     6	0.00030
  8214	0.00030
 16373	0.00030
 81887	0.00030
  4615	0.00030
 47108	0.00030
  1811	0.00030
 11668	0.00030
  4903	0.00030
  2749	0.00030
  1157	0.00041
  5404	0.00041
     9	0.00041
  6139	0.00041
 34712	0.00041
    76	0.00041
   543	0.00041
  7305	0.00041
 19103	0.00041
     7	0.00041
    21	0.00041
  1157	0.00041
   418	0.00041
   319	0.00041
  1381	0.00041
  2170	0.00041
   519	0.00041
  1822	0.00041
 12119	0.00041
    24	0.00041
  3715	0.00041
   230	0.00041
  2369	0.00041
 20276	0.00041
 42346	0.00041
 12940	0.00041
 21462	0.00041
  7733	0.00041
  2666	0.00041
  1669	0.00041
  2823	0.00041
   397	0.00041
    29	0.00041
  8776	0.00041
  2052	0.00060
 12751	0.00060
  3234	0.00060
  1122	0.00060
   310	0.00060
     2	0.00060
   626	0.00060
    19	0.00060
   258	0.00060
  2184	0.00060
  4762	0.00060
   742	0.00060
  1700	0.00060
  8889	0.00060
   631	0.00060
   303	0.00060
   186	0.00060
   157	0.00060
 37117	0.00060
  1234	0.00060
 13584	0.00060
 14668	0.00060
    32	0.00060
   744	0.00060
    19	0.00060
  2335	0.00060
  5205	0.00060
  5251	0.00060
     4	0.00032
  5946	0.00032
 35690	0.00032
 21399	0.00032
   307	0.00032
    24	0.00032
  3671	0.00032
  8160	0.00032
 12175	0.00032
  8639	0.00032
    11	0.00032
  2176	0.00032
    73	0.00032
  4834	0.00032
    21	0.00032
     6	0.00032
  6110	0.00032
     4	0.00032
  3929	0.00032
    29	0.00032
 13473	0.00032
     4	0.00032
 34809	0.00032
   604	0.00032
 16580	0.00032
  1094	0.00032
 15496	0.00032
 14260	0.00025
  5443	0.00025
  4404	0.00025
  8296	0.00025
  7527	0.00025
  1954	0.00025
  1077	0.00025
  1805	0.00025
  1514	0.00025
  1908	0.00025
 40121	0.00025
  1954	0.00025
   216	0.00025
  2550	0.00025
   1768582
   25
