1599
    23	0.00131
   550	0.00131
  1483	0.00131
   306	0.00131
   798	0.00131
  1136	0.00131
   379	0.00131
    48	0.00131
     2	0.00131
     4	0.00131
    13	0.00131
    49	0.00131
    36	0.00131
     3	0.00131
   238	0.00131
    94	0.00131
     5	0.00131
     2	0.00131
   159	0.00131
    10	0.00131
     5	0.00131
    94	0.00131
  1081	0.00131
  1234	0.00131
     3	0.00131
    74	0.00131
    16	0.00131
   343	0.00131
     3	0.00131
    19	0.00131
    27	0.00131
    33	0.00131
  2045	0.00131
  2105	0.00131
    86	0.00131
    73	0.00131
   213	0.00131
    78	0.00131
    20	0.00131
   105	0.00131
   106	0.00131
    88	0.00131
    67	0.00131
     3	0.00131
   556	0.00131
    79	0.00131
    32	0.00131
    42	0.00131
   215	0.00131
    15	0.00131
    20	0.00131
   344	0.00131
   226	0.00131
   843	0.00131
    82	0.00131
   269	0.00131
    31	0.00131
    19	0.00131
  1686	0.00131
    11	0.00131
   727	0.00131
    72	0.00131
   129	0.00131
   622	0.00131
  1079	0.00131
    99	0.00131
     2	0.00131
  1475	0.00131
   446	0.00131
     3	0.00110
    14	0.00110
   607	0.00110
    85	0.00110
   113	0.00110
   318	0.00110
   193	0.00110
    25	0.00110
  2708	0.00110
   256	0.00110
    52	0.00110
   128	0.00110
    76	0.00110
   281	0.00110
   756	0.00110
    99	0.00110
     4	0.00110
   492	0.00110
   103	0.00110
    20	0.00110
  2742	0.00110
   817	0.00110
   319	0.00110
  3166	0.00110
   432	0.00110
   296	0.00110
    91	0.00110
   228	0.00110
   264	0.00110
  4068	0.00110
    17	0.00110
     4	0.00110
   224	0.00110
   124	0.00110
  1493	0.00110
   448	0.00110
    13	0.00110
    73	0.00110
   479	0.00110
    19	0.00110
   328	0.00110
  1176	0.00110
   143	0.00110
   479	0.00110
   927	0.00110
    14	0.00110
   173	0.00110
   506	0.00110
     2	0.00110
    28	0.00110
  1658	0.00110
   137	0.00110
   851	0.00110
    88	0.00110
    31	0.00110
  1055	0.00110
   271	0.00110
   387	0.00110
  1009	0.00110
   633	0.00110
  1153	0.00110
  1473	0.00110
   239	0.00110
   269	0.00110
   135	0.00110
     5	0.00110
   632	0.00110
   864	0.00110
  5198	0.00110
    66	0.00110
   237	0.00110
   219	0.00110
    24	0.00110
  1977	0.00110
   526	0.00110
  1913	0.00110
  1111	0.00110
     4	0.00110
   256	0.00110
    45	0.00127
   482	0.00127
    13	0.00127
    35	0.00127
    56	0.00127
    24	0.00127
    89	0.00127
     4	0.00127
    26	0.00127
     3	0.00127
   639	0.00127
    15	0.00127
    66	0.00127
   158	0.00127
   643	0.00127
    18	0.00127
   110	0.00127
   300	0.00127
     5	0.00127
     9	0.00127
   129	0.00127
   589	0.00127
    22	0.00127
  2773	0.00127
   876	0.00127
   109	0.00127
    11	0.00127
     8	0.00127
     4	0.00127
   522	0.00127
   108	0.00127
   166	0.00127
    26	0.00127
   162	0.00127
     2	0.00127
   165	0.00127
    15	0.00127
    86	0.00127
   100	0.00127
     4	0.00127
     6	0.00127
   114	0.00127
    14	0.00127
   117	0.00127
    42	0.00127
    27	0.00127
    15	0.00127
     7	0.00127
    26	0.00127
   602	0.00127
   620	0.00127
   735	0.00127
    76	0.00127
   601	0.00127
   251	0.00127
   688	0.00127
   398	0.00127
  2436	0.00127
    54	0.00127
     2	0.00127
   124	0.00127
    12	0.00127
  4083	0.00127
    37	0.00127
    71	0.00127
   374	0.00127
   386	0.00127
    33	0.00127
    11	0.00127
     2	0.00127
    25	0.00127
   141	0.00127
   118	0.00127
   393	0.00127
   680	0.00127
    77	0.00127
   397	0.00127
    57	0.00127
   283	0.00127
     4	0.00127
  1584	0.00107
  1695	0.00107
   174	0.00107
     2	0.00107
     7	0.00107
   702	0.00107
   274	0.00107
  1199	0.00107
   405	0.00107
    31	0.00107
     7	0.00107
    55	0.00107
   339	0.00107
     9	0.00107
  2448	0.00107
   509	0.00107
   179	0.00107
  1117	0.00107
    13	0.00107
    84	0.00107
    74	0.00107
   500	0.00107
   811	0.00107
    51	0.00107
    94	0.00107
     2	0.00107
     2	0.00107
   301	0.00107
   574	0.00107
    10	0.00107
  1257	0.00107
  1539	0.00107
   268	0.00107
    19	0.00107
   560	0.00107
    41	0.00107
   250	0.00107
   167	0.00107
    15	0.00107
   119	0.00107
    27	0.00107
    66	0.00107
  2691	0.00107
   951	0.00107
    88	0.00107
   491	0.00107
     2	0.00107
    66	0.00107
   223	0.00107
     2	0.00107
   221	0.00107
   846	0.00107
    63	0.00107
    64	0.00107
    14	0.00107
   802	0.00107
    11	0.00107
  2331	0.00107
   853	0.00107
  5222	0.00107
   619	0.00107
   852	0.00107
    18	0.00107
    41	0.00107
     3	0.00124
    32	0.00124
    33	0.00124
   269	0.00124
  1035	0.00124
     2	0.00124
   130	0.00124
   370	0.00124
     4	0.00124
    42	0.00124
     4	0.00124
    29	0.00124
    16	0.00124
   242	0.00124
   143	0.00124
   678	0.00124
    35	0.00124
    58	0.00124
   173	0.00124
     4	0.00124
    23	0.00124
   113	0.00124
    11	0.00124
    45	0.00124
   430	0.00124
    56	0.00124
     2	0.00124
   622	0.00124
    17	0.00124
   355	0.00124
     8	0.00124
   422	0.00124
     3	0.00124
   230	0.00124
  2369	0.00124
   112	0.00124
    28	0.00124
    95	0.00124
   648	0.00124
   923	0.00124
   384	0.00124
   639	0.00124
   389	0.00124
   792	0.00124
    48	0.00124
   220	0.00124
   225	0.00124
   795	0.00124
  1110	0.00124
    19	0.00124
    50	0.00124
    29	0.00124
    67	0.00124
   343	0.00124
    20	0.00124
   265	0.00124
  1438	0.00124
    17	0.00124
   385	0.00124
   232	0.00124
   229	0.00124
  1289	0.00124
  1299	0.00124
   182	0.00124
   499	0.00124
    39	0.00124
    28	0.00124
    61	0.00124
  1151	0.00124
     4	0.00124
   513	0.00124
   115	0.00124
     6	0.00124
   369	0.00124
    13	0.00124
   929	0.00124
   166	0.00124
     8	0.00124
   585	0.00124
  2372	0.00100
  1648	0.00100
   174	0.00100
  2569	0.00100
    25	0.00100
  1085	0.00100
    70	0.00100
   103	0.00100
  1277	0.00100
   475	0.00100
  1368	0.00100
    52	0.00100
  3376	0.00100
   270	0.00100
  1693	0.00100
   105	0.00100
   168	0.00100
     3	0.00100
    19	0.00100
  1346	0.00100
   382	0.00100
    18	0.00100
   234	0.00100
   128	0.00100
   282	0.00100
    73	0.00100
    13	0.00100
    66	0.00100
    14	0.00100
    16	0.00100
  1679	0.00100
    99	0.00100
   106	0.00100
    87	0.00100
   987	0.00100
   857	0.00100
   728	0.00100
   100	0.00100
  1584	0.00100
   273	0.00100
    63	0.00100
    31	0.00100
    31	0.00100
   279	0.00100
  1507	0.00100
   967	0.00100
   430	0.00100
  5331	0.00100
  1398	0.00100
    50	0.00100
   299	0.00100
   393	0.00100
    85	0.00100
  1364	0.00100
  5270	0.00100
    44	0.00100
   100	0.00100
   206	0.00100
    75	0.00100
    75	0.00100
    32	0.00100
  1899	0.00100
    22	0.00100
    39	0.00100
   456	0.00100
   172	0.00100
    44	0.00100
   236	0.00109
    18	0.00109
    84	0.00109
    49	0.00109
  1497	0.00109
   133	0.00109
     2	0.00109
   177	0.00109
    11	0.00109
  1202	0.00109
   106	0.00109
   196	0.00109
    33	0.00109
  2488	0.00109
     4	0.00109
   370	0.00109
     3	0.00109
    70	0.00109
    29	0.00109
    52	0.00109
     5	0.00109
    27	0.00109
  2101	0.00109
  1767	0.00109
  5298	0.00109
  3626	0.00109
    26	0.00109
   367	0.00109
   212	0.00109
   785	0.00109
    19	0.00109
   377	0.00109
   307	0.00109
   199	0.00109
    16	0.00109
   576	0.00109
   304	0.00109
   565	0.00109
   189	0.00109
    39	0.00109
  2363	0.00109
  2110	0.00109
   297	0.00109
    34	0.00109
  1124	0.00109
    13	0.00109
   481	0.00109
  1542	0.00109
   180	0.00109
    88	0.00109
    55	0.00109
   520	0.00109
    30	0.00109
   994	0.00109
     8	0.00109
    91	0.00109
   104	0.00109
    24	0.00109
     6	0.00109
  1174	0.00109
  2895	0.00109
    65	0.00109
   730	0.00109
     4	0.00109
     6	0.00129
   158	0.00129
   244	0.00129
   298	0.00129
    83	0.00129
     2	0.00129
   787	0.00129
   196	0.00129
    50	0.00129
    18	0.00129
  3314	0.00129
    19	0.00129
    88	0.00129
  1416	0.00129
   355	0.00129
    69	0.00129
     2	0.00129
   677	0.00129
  1358	0.00129
   157	0.00129
  1257	0.00129
    98	0.00129
   926	0.00129
   142	0.00129
   446	0.00129
    30	0.00129
    22	0.00129
  1061	0.00129
    48	0.00129
   178	0.00129
   550	0.00129
    51	0.00129
   436	0.00129
    18	0.00129
  1124	0.00129
  1802	0.00129
   355	0.00129
   448	0.00129
  1030	0.00129
   545	0.00129
   441	0.00129
  1393	0.00129
   547	0.00129
   161	0.00129
   100	0.00129
    59	0.00129
     7	0.00129
     2	0.00129
   258	0.00129
    31	0.00129
    82	0.00129
    32	0.00129
  1198	0.00129
   182	0.00129
    28	0.00129
    17	0.00129
   452	0.00129
     2	0.00129
   261	0.00129
  1291	0.00129
   819	0.00129
  1092	0.00129
   108	0.00129
   691	0.00129
  1150	0.00129
   572	0.00129
   126	0.00129
     5	0.00129
   154	0.00129
   319	0.00129
    79	0.00129
   103	0.00129
   479	0.00129
   215	0.00130
   362	0.00130
    40	0.00130
    69	0.00130
    18	0.00130
    28	0.00130
   591	0.00130
   202	0.00130
     2	0.00130
     5	0.00130
    61	0.00130
  1868	0.00130
   426	0.00130
     8	0.00130
   582	0.00130
     5	0.00130
    14	0.00130
   693	0.00130
   275	0.00130
    56	0.00130
    20	0.00130
     3	0.00130
     4	0.00130
   874	0.00130
   453	0.00130
   397	0.00130
    38	0.00130
     2	0.00130
     2	0.00130
   110	0.00130
    93	0.00130
    19	0.00130
    18	0.00130
    21	0.00130
  1428	0.00130
  1215	0.00130
     2	0.00130
   340	0.00130
   132	0.00130
   919	0.00130
    78	0.00130
   356	0.00130
   687	0.00130
   872	0.00130
   119	0.00130
   382	0.00130
  1080	0.00130
   205	0.00130
   597	0.00130
   332	0.00130
    19	0.00130
   405	0.00130
   477	0.00130
   595	0.00130
   611	0.00130
     4	0.00130
    81	0.00130
     7	0.00130
     7	0.00130
   984	0.00130
     8	0.00130
    10	0.00130
   938	0.00130
    14	0.00130
   346	0.00130
   373	0.00130
  1072	0.00130
  1035	0.00130
    13	0.00130
   140	0.00130
     3	0.00130
  1596	0.00130
   275	0.00130
     5	0.00130
   141	0.00130
   199	0.00130
  2663	0.00130
   751	0.00130
    11	0.00130
   158	0.00130
  1142	0.00130
     7	0.00130
    36	0.00130
    30	0.00130
  1585	0.00130
   291	0.00130
     2	0.00121
  1770	0.00121
     6	0.00121
    46	0.00121
     2	0.00121
    27	0.00121
     3	0.00121
   382	0.00121
     3	0.00121
   306	0.00121
   242	0.00121
   393	0.00121
   118	0.00121
   263	0.00121
     8	0.00121
    34	0.00121
   142	0.00121
   361	0.00121
    22	0.00121
 11124	0.00121
    11	0.00121
    39	0.00121
   201	0.00121
     3	0.00121
   427	0.00121
   479	0.00121
   924	0.00121
   504	0.00121
    13	0.00121
     4	0.00121
   317	0.00121
   692	0.00121
   772	0.00121
  1420	0.00121
   517	0.00121
   157	0.00121
   378	0.00121
    68	0.00121
   154	0.00121
    49	0.00121
    71	0.00121
  5676	0.00121
   909	0.00121
  1500	0.00121
    15	0.00121
   814	0.00121
   463	0.00121
    19	0.00121
     3	0.00121
   344	0.00121
     7	0.00121
  1115	0.00121
  1846	0.00121
   876	0.00121
   434	0.00121
    46	0.00121
    10	0.00121
     2	0.00121
    32	0.00121
   423	0.00121
  7710	0.00121
     4	0.00121
   116	0.00121
     4	0.00121
   160	0.00121
   540	0.00121
  1243	0.00121
   127	0.00121
  3419	0.00121
   130	0.00121
   428	0.00121
  2169	0.00121
   255	0.00121
     7	0.00121
    21	0.00121
    33	0.00121
     2	0.00121
   104	0.00121
  1916	0.00121
  2008	0.00121
    21	0.00121
    55	0.00121
  2090	0.00121
   105	0.00121
    27	0.00121
   224	0.00121
   749	0.00181
     2	0.00181
    12	0.00181
     4	0.00181
    16	0.00181
    12	0.00181
   131	0.00181
  1310	0.00181
  1683	0.00181
    72	0.00181
   234	0.00181
   134	0.00181
   151	0.00181
     4	0.00181
    22	0.00181
    94	0.00181
   732	0.00181
    19	0.00181
    78	0.00181
   112	0.00181
     3	0.00181
    18	0.00181
    49	0.00181
  1588	0.00181
   897	0.00181
     3	0.00181
     4	0.00181
    28	0.00181
    11	0.00181
     2	0.00181
   203	0.00181
    99	0.00181
  1858	0.00181
    22	0.00181
   433	0.00181
  4569	0.00181
   519	0.00181
     3	0.00181
  1051	0.00181
     5	0.00181
     2	0.00181
   240	0.00181
  1153	0.00181
    16	0.00181
    17	0.00181
   706	0.00181
    19	0.00181
     2	0.00181
   293	0.00181
   420	0.00181
     2	0.00181
    65	0.00181
     5	0.00181
     5	0.00181
   496	0.00181
     2	0.00181
     2	0.00181
    56	0.00181
     3	0.00181
   750	0.00181
   195	0.00181
   361	0.00181
   166	0.00181
  2516	0.00181
     4	0.00181
   156	0.00181
     2	0.00181
    68	0.00181
   752	0.00181
  5262	0.00181
    25	0.00181
     4	0.00181
     4	0.00181
     9	0.00181
   157	0.00181
    59	0.00181
   574	0.00181
   586	0.00181
   183	0.00181
   442	0.00181
     2	0.00181
   574	0.00181
   404	0.00181
    29	0.00181
   499	0.00181
   699	0.00181
    43	0.00181
    15	0.00181
    30	0.00181
   285	0.00181
    87	0.00181
  2860	0.00181
   437	0.00181
   485	0.00181
     6	0.00181
   156	0.00181
   755	0.00181
   630	0.00181
     2	0.00181
    21	0.00181
   245	0.00181
    67	0.00181
   375	0.00181
   216	0.00181
   241	0.00181
  1818	0.00181
  1421	0.00181
    44	0.00181
     9	0.00181
   347	0.00181
    56	0.00181
     2	0.00181
    52	0.00181
  1370	0.00181
     3	0.00181
   223	0.00181
    58	0.00181
    47	0.00181
   797	0.00181
   901	0.00181
     4	0.00181
   245	0.00181
    21	0.00181
    21	0.00181
   504	0.00181
    81	0.00181
     8	0.00181
   187	0.00181
   359	0.00181
   170	0.00181
    24	0.00181
  2399	0.00138
  2340	0.00138
   277	0.00138
   184	0.00138
   172	0.00138
  1772	0.00138
  1941	0.00138
    34	0.00138
   443	0.00138
   989	0.00138
   413	0.00138
  1343	0.00138
   289	0.00138
    24	0.00138
    17	0.00138
    10	0.00138
   461	0.00138
   759	0.00138
    39	0.00138
    58	0.00138
  5344	0.00138
   104	0.00138
    81	0.00138
    12	0.00138
   172	0.00138
   227	0.00138
  1075	0.00138
   238	0.00138
   114	0.00138
    27	0.00138
     6	0.00138
   559	0.00138
    22	0.00138
    62	0.00138
    36	0.00138
     2	0.00138
   105	0.00138
  5363	0.00138
   511	0.00138
    67	0.00138
    31	0.00138
    25	0.00138
    22	0.00138
  1767	0.00138
   142	0.00138
    10	0.00138
   394	0.00138
    64	0.00138
     2	0.00138
    26	0.00138
   305	0.00138
    80	0.00138
  1071	0.00138
   206	0.00138
  1807	0.00138
   234	0.00138
   138	0.00138
   116	0.00138
  1230	0.00138
   721	0.00138
    24	0.00138
    65	0.00138
  1588	0.00138
   184	0.00138
   992	0.00138
   807	0.00138
   923	0.00138
    36	0.00138
     4	0.00138
    62	0.00138
    90	0.00138
     4	0.00138
   137	0.00138
    18	0.00138
    55	0.00138
   146	0.00138
    92	0.00138
  2744	0.00138
   504	0.00138
  1672	0.00138
    13	0.00138
   780	0.00138
  3691	0.00138
     2	0.00138
  2500	0.00138
   305	0.00138
   697	0.00138
   766	0.00138
    80	0.00138
     5	0.00138
   495	0.00138
    69	0.00138
  1094	0.00138
    31	0.00138
    86	0.00138
   317	0.00138
   498	0.00138
  1080	0.00138
    17	0.00138
   135	0.00138
   636	0.00138
   113	0.00138
    29	0.00138
    41	0.00138
     2	0.00138
    13	0.00138
     9	0.00138
    15	0.00138
   124	0.00189
  1733	0.00189
    76	0.00189
   174	0.00189
    17	0.00189
   927	0.00189
  1107	0.00189
  3485	0.00189
   164	0.00189
   300	0.00189
    25	0.00189
   167	0.00189
    11	0.00189
   212	0.00189
   245	0.00189
    18	0.00189
     6	0.00189
   899	0.00189
   458	0.00189
   696	0.00189
    77	0.00189
    76	0.00189
   624	0.00189
    13	0.00189
   258	0.00189
  1482	0.00189
  1353	0.00189
     3	0.00189
   239	0.00189
   265	0.00189
   424	0.00189
   412	0.00189
  1333	0.00189
   153	0.00189
   110	0.00189
    24	0.00189
   186	0.00189
   145	0.00189
    57	0.00189
  3034	0.00189
   193	0.00189
   579	0.00189
  1874	0.00189
    25	0.00189
    58	0.00189
    28	0.00189
    14	0.00189
     5	0.00189
   513	0.00189
   170	0.00189
     2	0.00189
    16	0.00189
   113	0.00189
   820	0.00189
    20	0.00189
    13	0.00189
   237	0.00189
   282	0.00189
    40	0.00189
    11	0.00189
   519	0.00189
   105	0.00189
     9	0.00189
   137	0.00189
    23	0.00189
   646	0.00189
    34	0.00189
   894	0.00189
   141	0.00189
    24	0.00189
   689	0.00189
     7	0.00189
   746	0.00189
   465	0.00189
    21	0.00189
    33	0.00189
   105	0.00189
     4	0.00189
     2	0.00189
    12	0.00189
    22	0.00189
     7	0.00189
   445	0.00189
   119	0.00189
    41	0.00189
   147	0.00189
    35	0.00189
   971	0.00189
   106	0.00189
  1018	0.00189
   223	0.00189
   762	0.00189
     3	0.00189
   545	0.00189
   388	0.00189
  2101	0.00189
     4	0.00189
   573	0.00189
   276	0.00189
   665	0.00189
    24	0.00189
     2	0.00189
   445	0.00189
    37	0.00189
  1541	0.00189
   974	0.00189
     7	0.00189
    73	0.00189
   120	0.00189
     7	0.00189
     8	0.00184
    45	0.00184
     2	0.00184
     7	0.00184
   259	0.00184
   180	0.00184
    11	0.00184
   474	0.00184
   127	0.00184
   450	0.00184
   804	0.00184
    13	0.00184
     2	0.00184
     8	0.00184
  2668	0.00184
     8	0.00184
     9	0.00184
   142	0.00184
     3	0.00184
  1541	0.00184
    24	0.00184
  1498	0.00184
     3	0.00184
   462	0.00184
    10	0.00184
    70	0.00184
    12	0.00184
     8	0.00184
     5	0.00184
   812	0.00184
    25	0.00184
    22	0.00184
   192	0.00184
    25	0.00184
  1680	0.00184
    34	0.00184
  1161	0.00184
   319	0.00184
    44	0.00184
  2254	0.00184
  1169	0.00184
    25	0.00184
   179	0.00184
    26	0.00184
   333	0.00184
     4	0.00184
   472	0.00184
    26	0.00184
     3	0.00184
    32	0.00184
   481	0.00184
    48	0.00184
  1239	0.00184
     2	0.00184
   302	0.00184
   365	0.00184
   763	0.00184
     7	0.00184
   250	0.00184
   363	0.00184
     2	0.00184
   194	0.00184
    70	0.00184
     3	0.00184
   195	0.00184
   187	0.00184
   338	0.00184
   842	0.00184
   150	0.00184
  1011	0.00184
   770	0.00184
     3	0.00184
     7	0.00184
  1046	0.00184
   478	0.00184
    13	0.00184
    62	0.00184
  3165	0.00184
  2796	0.00184
    55	0.00184
    11	0.00184
   113	0.00184
  1083	0.00184
    93	0.00184
  1230	0.00184
    57	0.00184
    73	0.00184
   112	0.00184
   913	0.00184
     8	0.00184
     2	0.00184
     2	0.00184
     7	0.00184
   475	0.00184
   117	0.00184
   245	0.00184
     6	0.00184
    77	0.00184
  1299	0.00184
  1909	0.00184
    12	0.00184
  3330	0.00184
   157	0.00184
    40	0.00184
    70	0.00184
  2059	0.00184
    93	0.00184
   274	0.00184
    53	0.00184
    75	0.00184
     3	0.00184
    12	0.00184
     9	0.00184
   756	0.00184
   111	0.00184
    64	0.00184
  1434	0.00184
    19	0.00184
  1733	0.00184
  1151	0.00184
   752	0.00234
   327	0.00234
    13	0.00234
  1123	0.00234
    60	0.00234
  1310	0.00234
   381	0.00234
    20	0.00234
   554	0.00234
   912	0.00234
  2724	0.00234
  4585	0.00234
   646	0.00234
   528	0.00234
    36	0.00234
  1164	0.00234
  1891	0.00234
    43	0.00234
    27	0.00234
    16	0.00234
   618	0.00234
  1971	0.00234
  1176	0.00234
  1597	0.00234
  1304	0.00234
  1120	0.00234
  2853	0.00234
   851	0.00234
   991	0.00234
   420	0.00234
  1883	0.00234
  1054	0.00234
   278	0.00234
   225	0.00234
   900	0.00234
  1061	0.00234
   128	0.00234
    16	0.00234
    77	0.00234
   260	0.00234
    77	0.00234
    78	0.00234
    64	0.00234
  1141	0.00234
   486	0.00234
  1617	0.00234
   152	0.00234
    46	0.00234
   146	0.00234
   720	0.00234
    20	0.00234
   747	0.00234
   152	0.00234
    25	0.00234
   199	0.00234
   183	0.00234
     7	0.00234
   929	0.00234
   457	0.00234
  1339	0.00234
   365	0.00234
  1450	0.00234
   144	0.00234
   125	0.00234
   286	0.00234
     8	0.00234
  2058	0.00234
    10	0.00234
   438	0.00234
     3	0.00234
  1047	0.00234
    67	0.00234
   178	0.00234
     5	0.00234
   283	0.00234
     8	0.00234
  2184	0.00234
   347	0.00234
    55	0.00234
     3	0.00234
   163	0.00234
  2004	0.00234
   143	0.00234
   586	0.00234
     7	0.00234
   373	0.00234
    31	0.00234
    77	0.00234
   150	0.00234
    17	0.00234
   337	0.00234
   140	0.00234
    59	0.00234
   484	0.00234
   414	0.00234
    61	0.00234
   187	0.00234
   272	0.00234
     3	0.00603
   775	0.00603
   283	0.00603
   223	0.00603
    81	0.00603
   152	0.00603
   175	0.00603
    15	0.00603
    17	0.00603
   232	0.00603
   142	0.00603
    53	0.00603
     3	0.00603
    81	0.00603
    55	0.00603
   750	0.00603
  2494	0.00603
   228	0.00603
    28	0.00603
    69	0.00603
   548	0.00603
  4944	0.00603
  5345	0.00603
  7436	0.00603
  8579	0.00603
  3229	0.00603
  2938	0.00603
  2406	0.00603
  8167	0.00603
   132	0.00603
  1348	0.00603
    57	0.00603
  5015	0.00603
 14063	0.00603
  1071	0.00603
  1559	0.00603
   541	0.00603
  2362	0.00603
     4	0.00603
   167	0.00603
    24	0.00603
    51	0.00603
     2	0.00603
    58	0.00603
    40	0.00603
    22	0.00603
    19	0.00603
    26	0.00603
    60	0.00603
   107	0.00603
    69	0.00603
    54	0.00603
   187	0.00603
  4385	0.00603
   260	0.00603
  1899	0.00603
    86	0.00603
  1056	0.00603
    49	0.00603
  1244	0.00603
   951	0.00603
   148	0.00603
  3941	0.00603
  1393	0.00603
   632	0.00603
  7860	0.00603
   807	0.00603
   491	0.00603
    34	0.00603
    12	0.00603
  3098	0.00603
   293	0.00603
   197	0.00603
     3	0.00603
  2064	0.00603
   559	0.00603
  6884	0.00603
 10449	0.00603
   458	0.00603
  1569	0.00603
   803	0.00603
  4152	0.00603
    32	0.00603
     8	0.00603
     2	0.00603
  4046	0.00603
    14	0.00603
     5	0.00603
     9	0.00603
    93	0.00603
    87	0.00603
    18	0.00603
    15	0.00603
   557	0.00603
    38	0.00603
  1100	0.00603
     8	0.00603
    41	0.00603
   359	0.00603
    60	0.00603
    15	0.00603
    64	0.00603
    94	0.00603
   404	0.00603
   217	0.00603
   263	0.00603
   505	0.00603
   228	0.00603
    19	0.00603
   629	0.00603
   178	0.00603
  1077	0.00603
     5	0.00603
    36	0.00603
    15	0.00603
    16	0.00603
    27	0.00603
    17	0.00603
  1996	0.00603
   214	0.00603
     9	0.00603
     7	0.00603
   416	0.00603
    30	0.00603
   336	0.00603
     2	0.00603
    22	0.00603
   149	0.00603
     9	0.00603
  1032	0.00603
  1383	0.00603
   513	0.00603
   288	0.00603
    96	0.00603
    18	0.00603
     7	0.00603
    10	0.00603
    74	0.00603
    96	0.00603
  1795	0.00603
     9	0.00252
    23	0.00252
  2897	0.00252
   408	0.00252
     2	0.00252
   262	0.00252
    66	0.00252
   166	0.00252
   212	0.00252
   309	0.00252
   140	0.00252
   514	0.00252
   540	0.00252
    10	0.00252
   409	0.00252
  1150	0.00252
   390	0.00252
   431	0.00252
   145	0.00252
   234	0.00252
   382	0.00252
  3093	0.00252
  4753	0.00252
    16	0.00252
  2181	0.00252
  1636	0.00252
   275	0.00252
  1100	0.00252
    95	0.00252
  1346	0.00252
  1722	0.00252
    38	0.00252
   491	0.00252
    85	0.00252
   615	0.00252
   149	0.00252
  2533	0.00252
  1879	0.00252
    71	0.00252
   184	0.00252
   625	0.00252
   619	0.00252
   126	0.00252
  1154	0.00252
   170	0.00252
   140	0.00252
   497	0.00252
    40	0.00252
    39	0.00252
   659	0.00252
  1038	0.00252
    15	0.00252
   808	0.00252
   215	0.00252
   614	0.00252
   153	0.00252
   103	0.00252
   261	0.00252
   128	0.00252
    40	0.00252
   500	0.00252
    72	0.00252
    22	0.00252
   270	0.00252
   411	0.00252
    34	0.00252
   954	0.00252
   160	0.00252
   255	0.00252
   504	0.00252
   325	0.00252
   457	0.00252
  1454	0.00252
  2751	0.00252
   410	0.00252
  1439	0.00252
  1932	0.00252
  1350	0.00252
    38	0.00252
   421	0.00252
  1719	0.00252
   207	0.00252
   108	0.00252
   169	0.00252
   142	0.00252
    97	0.00252
    32	0.00252
  1021	0.00252
   450	0.00252
    32	0.00252
   211	0.00252
   424	0.00252
     3	0.00252
   748	0.00252
     5	0.00252
    37	0.00252
    27	0.00252
    20	0.00252
   152	0.00252
     2	0.00252
    50	0.00252
   661	0.00252
    31	0.00252
  1062	0.00252
   490	0.00252
   292	0.00252
   264	0.00252
  1841	0.00252
   475	0.00252
   692	0.00252
     4	0.00252
     6	0.00252
    80	0.00252
   132	0.00252
   670	0.00252
    10	0.00252
   823	0.00252
   223	0.00252
    20	0.00252
    77	0.00252
   241	0.00252
    55	0.00252
  5132	0.00252
  3065	0.00252
   279	0.00252
  1842	0.00252
    27	0.00252
   167	0.00252
    97	0.00252
    15	0.00252
    11	0.00252
    13	0.00252
    31	0.00252
   789	0.00252
   252	0.00252
   207	0.00252
   758	0.00252
    36	0.00252
   746	0.00252
   460	0.00252
    76	0.00252
  1719	0.00252
   279	0.00252
     9	0.00252
    31	0.00252
   4313636
   12
