 337
   142	0.00118
    36	0.00118
  6172	0.00118
  3252	0.00118
   151	0.00118
   182	0.00118
  1389	0.00118
    25	0.00118
  1713	0.00118
     2	0.00118
    36	0.00118
   373	0.00118
   708	0.00118
  4403	0.00118
  5697	0.00118
  1271	0.00118
  6364	0.00118
     6	0.00118
  2784	0.00118
    10	0.00118
   101	0.00118
   433	0.00118
  1105	0.00118
  1973	0.00118
   290	0.00118
  1722	0.00118
   103	0.00118
  3174	0.00118
   702	0.00118
  1091	0.00118
  2333	0.00118
    59	0.00118
  7012	0.00118
  1778	0.00118
  2382	0.00118
  3482	0.00118
   206	0.00118
    46	0.00118
  2171	0.00118
    59	0.00118
   376	0.00118
  5964	0.00118
  4903	0.00118
   229	0.00118
    46	0.00118
    22	0.00118
  7192	0.00118
  5883	0.00118
     2	0.00118
   700	0.00118
   974	0.00118
   666	0.00118
   658	0.00118
   122	0.00118
   426	0.00118
  1029	0.00118
   496	0.00118
   912	0.00118
  1259	0.00118
   142	0.00118
    62	0.00118
  1356	0.00118
    17	0.00118
     9	0.00118
  2950	0.00118
   372	0.00118
  2783	0.00118
   250	0.00118
   404	0.00118
   129	0.00118
    11	0.00118
  2416	0.00118
   623	0.00118
   172	0.00118
   705	0.00118
   620	0.00118
   866	0.00118
   190	0.00118
   129	0.00118
   956	0.00118
    54	0.00118
   395	0.00118
   458	0.00118
   163	0.00118
   148	0.00118
  2125	0.00118
   601	0.00118
  5368	0.00118
   610	0.00118
  1088	0.00118
    27	0.00118
    21	0.00118
     7	0.00118
   733	0.00118
  1012	0.00118
  3544	0.00118
   637	0.00118
   849	0.00118
    24	0.00118
  1441	0.00118
   343	0.00118
   915	0.00118
   187	0.00118
  3566	0.00118
     2	0.00118
    59	0.00118
    76	0.00118
    13	0.00118
  7936	0.00118
    30	0.00118
  1030	0.00118
  3789	0.00118
  7790	0.00118
  1244	0.00118
   249	0.00118
  1169	0.00118
  4013	0.00118
   243	0.00118
   220	0.00118
  1467	0.00118
   781	0.00118
  2888	0.00118
  2600	0.00118
    27	0.00118
  8086	0.00118
   183	0.00118
     5	0.00118
    52	0.00118
   176	0.00118
  3210	0.00118
  1505	0.00118
  2511	0.00118
   363	0.00118
  4547	0.00118
    73	0.00118
   235	0.00118
   760	0.00118
  3416	0.00118
  7420	0.00118
    85	0.00118
 10816	0.00118
    70	0.00118
 27001	0.00118
    80	0.00118
  1542	0.00118
 11124	0.00118
  8722	0.00118
  6961	0.00118
   362	0.00174
  1489	0.00174
  1798	0.00174
  2976	0.00174
  1622	0.00174
    33	0.00174
   286	0.00174
   271	0.00174
   267	0.00174
   475	0.00174
   414	0.00174
  2276	0.00174
   146	0.00174
     6	0.00174
  3018	0.00174
    38	0.00174
  1727	0.00174
  1517	0.00174
   464	0.00174
     6	0.00174
   891	0.00174
   336	0.00174
   534	0.00174
  1869	0.00174
   660	0.00174
     5	0.00174
   157	0.00174
   808	0.00174
    46	0.00174
 10125	0.00174
  4294	0.00174
  1930	0.00174
   820	0.00174
   882	0.00174
     7	0.00174
    82	0.00174
  1609	0.00174
   354	0.00174
  2587	0.00174
  4947	0.00174
    60	0.00174
  1279	0.00174
   119	0.00174
   213	0.00174
    80	0.00174
    56	0.00174
  1136	0.00174
   254	0.00174
    23	0.00174
   596	0.00174
    19	0.00174
   237	0.00174
   496	0.00174
    16	0.00174
    75	0.00174
    12	0.00174
   160	0.00174
 15445	0.00174
   409	0.00174
    17	0.00174
   205	0.00174
  1135	0.00174
    35	0.00174
    22	0.00174
    12	0.00174
   380	0.00174
   625	0.00174
    15	0.00174
   391	0.00174
   293	0.00174
   822	0.00174
   491	0.00174
   191	0.00174
    24	0.00174
   542	0.00174
  2018	0.00174
   664	0.00174
  1219	0.00174
   493	0.00174
   120	0.00174
    39	0.00174
    13	0.00174
     5	0.00174
   226	0.00174
  4004	0.00174
   265	0.00174
   736	0.00174
   407	0.00174
     2	0.00174
   484	0.00174
   452	0.00174
  1493	0.00174
  3510	0.00174
     2	0.00174
   722	0.00174
  1369	0.00174
     2	0.00174
   765	0.00174
   264	0.00174
    58	0.00174
    27	0.00174
  2215	0.00174
     2	0.00174
     7	0.00174
  1889	0.00174
   346	0.00174
   187	0.00174
   172	0.00174
   299	0.00174
   569	0.00174
   252	0.00174
   113	0.00174
  3757	0.00174
  2725	0.00174
     2	0.00174
   474	0.00174
  1757	0.00174
  1430	0.00174
  2645	0.00174
   110	0.00174
  1763	0.00174
   950	0.00174
   192	0.00174
   293	0.00174
   454	0.00174
   950	0.00174
   107	0.00174
   194	0.00174
   261	0.00174
  2108	0.00174
   104	0.00174
   103	0.00174
   261	0.00174
    21	0.00174
 15744	0.00174
 14982	0.00174
    12	0.00174
   776	0.00174
  2232	0.00174
     2	0.00174
    11	0.00174
  3152	0.00174
    43	0.00174
   528	0.00174
    90	0.00174
  1472	0.00174
     8	0.00174
  1849	0.00174
 11941	0.00174
   868	0.00174
    63	0.00174
   143	0.00174
   686	0.00174
   299	0.00174
     7	0.00174
   465	0.00174
    76	0.00174
   441	0.00174
    45	0.00174
   203	0.00174
    93	0.00174
  1370	0.00174
   810	0.00174
   368	0.00174
   286	0.00174
   855	0.00174
   378	0.00174
    16	0.00174
   890	0.00174
   668	0.00174
     2	0.00174
    55	0.00174
   104	0.00174
  2221	0.00174
    43	0.00174
    12	0.00174
  1136	0.00174
   141	0.00174
   208	0.00174
   260	0.00174
   450	0.00174
   772	0.00174
   331	0.00174
   736	0.00174
   690	0.00174
    25	0.00174
   413	0.00174
  1025	0.00174
    34	0.00174
    823970
   12
