 565
    39	0.00127
    24	0.00127
   503	0.00127
  1020	0.00127
  1304	0.00127
   251	0.00127
     8	0.00127
   214	0.00127
    64	0.00127
   750	0.00127
    59	0.00127
    72	0.00127
   100	0.00127
   650	0.00127
   148	0.00127
   346	0.00127
  6593	0.00127
   499	0.00127
   181	0.00127
   582	0.00127
     5	0.00127
   412	0.00127
   224	0.00127
    47	0.00127
  3511	0.00127
  6990	0.00127
   909	0.00127
  1494	0.00127
  2011	0.00127
     3	0.00127
    10	0.00127
  3576	0.00127
   630	0.00127
   261	0.00127
  1244	0.00127
   869	0.00127
    12	0.00127
    48	0.00127
    56	0.00127
  1410	0.00127
    85	0.00127
   682	0.00127
   870	0.00127
    11	0.00127
   147	0.00127
     2	0.00127
     7	0.00127
  3260	0.00127
  1087	0.00127
  1119	0.00127
   408	0.00127
    97	0.00127
   467	0.00127
   552	0.00127
    50	0.00127
    25	0.00127
   168	0.00127
    39	0.00127
  1046	0.00127
   229	0.00127
   741	0.00127
     2	0.00127
   616	0.00127
     2	0.00127
   486	0.00127
    21	0.00127
   742	0.00127
     7	0.00127
     8	0.00127
  1226	0.00127
   653	0.00127
   483	0.00127
   800	0.00127
   593	0.00127
  1220	0.00127
 17183	0.00127
  1864	0.00127
  1484	0.00127
   142	0.00127
  1062	0.00127
   245	0.00127
    12	0.00127
   600	0.00127
 12016	0.00127
   241	0.00127
   805	0.00127
   698	0.00127
  1919	0.00127
   323	0.00127
     2	0.00127
  3049	0.00127
  2501	0.00127
   770	0.00127
   290	0.00127
    21	0.00127
   833	0.00127
  1169	0.00127
     2	0.00127
  3179	0.00127
    16	0.00127
   285	0.00127
   118	0.00127
  5761	0.00127
  3224	0.00127
   410	0.00127
     6	0.00127
   316	0.00127
    74	0.00127
   329	0.00127
   683	0.00127
  7367	0.00127
   956	0.00127
   239	0.00127
  2281	0.00127
   825	0.00127
     4	0.00127
   512	0.00127
    18	0.00127
    40	0.00127
   149	0.00127
   228	0.00127
   224	0.00127
   522	0.00127
  4639	0.00127
     9	0.00127
   154	0.00127
   914	0.00127
    12	0.00127
  2022	0.00127
  1040	0.00127
   163	0.00127
  2623	0.00127
  2426	0.00127
   586	0.00170
   369	0.00170
    65	0.00170
  2267	0.00170
  1459	0.00170
   110	0.00170
    38	0.00170
    11	0.00170
    69	0.00170
  1179	0.00170
   621	0.00170
   278	0.00170
    73	0.00170
  1229	0.00170
   526	0.00170
    24	0.00170
   334	0.00170
  2495	0.00170
  1412	0.00170
   502	0.00170
    50	0.00170
  1415	0.00170
 37683	0.00170
  1195	0.00170
   187	0.00170
    33	0.00170
  1102	0.00170
   349	0.00170
   887	0.00170
   447	0.00170
  2196	0.00170
    18	0.00170
     2	0.00170
     9	0.00170
    25	0.00170
   215	0.00170
  6331	0.00170
   657	0.00170
   380	0.00170
   989	0.00170
   621	0.00170
    71	0.00170
  1213	0.00170
   622	0.00170
     3	0.00170
     9	0.00170
   148	0.00170
  1280	0.00170
   672	0.00170
    11	0.00170
   178	0.00170
     4	0.00170
   241	0.00170
   202	0.00170
   669	0.00170
    50	0.00170
   203	0.00170
  2087	0.00170
   103	0.00170
 24325	0.00170
  1030	0.00170
    37	0.00170
   240	0.00170
  1916	0.00170
     8	0.00170
   100	0.00170
    47	0.00170
   219	0.00170
  1244	0.00170
  2182	0.00170
  2695	0.00170
   278	0.00170
    46	0.00170
  1110	0.00170
   113	0.00170
   278	0.00170
   804	0.00170
   871	0.00170
    42	0.00170
  1197	0.00170
  2607	0.00170
  3585	0.00170
     7	0.00170
   364	0.00170
    24	0.00170
    91	0.00170
    10	0.00170
  1187	0.00170
     6	0.00170
    26	0.00170
   724	0.00170
   502	0.00170
     7	0.00170
  1888	0.00170
  2401	0.00170
  1566	0.00170
   581	0.00170
   117	0.00170
  2571	0.00093
   847	0.00093
  1769	0.00093
  4027	0.00093
  5424	0.00093
   502	0.00093
  2638	0.00093
   125	0.00093
    13	0.00093
  4496	0.00093
    74	0.00093
    10	0.00093
   859	0.00093
   234	0.00093
    24	0.00093
  5533	0.00093
    27	0.00093
   110	0.00093
  1243	0.00093
   629	0.00093
    36	0.00093
    98	0.00093
   720	0.00093
  2149	0.00093
  1724	0.00093
   449	0.00093
   131	0.00093
 11033	0.00093
  7914	0.00093
   115	0.00093
     3	0.00093
   863	0.00093
  2225	0.00093
    44	0.00093
   672	0.00093
   357	0.00093
  4489	0.00093
  1089	0.00093
    59	0.00093
  3594	0.00093
  4635	0.00093
   654	0.00093
  9426	0.00093
  5966	0.00093
 15252	0.00093
   440	0.00093
  1832	0.00093
    90	0.00093
  1446	0.00093
  1558	0.00093
  7358	0.00093
   326	0.00093
     6	0.00093
  1148	0.00093
   194	0.00093
  2905	0.00093
     2	0.00093
  5706	0.00093
     4	0.00093
   675	0.00093
 23417	0.00093
    81	0.00093
  1429	0.00093
   187	0.00093
  8031	0.00093
  1047	0.00093
  3129	0.00093
  2973	0.00093
 15440	0.00079
  4468	0.00079
  4507	0.00079
    10	0.00079
  3573	0.00079
    49	0.00079
   279	0.00079
 11568	0.00079
  1079	0.00079
  1400	0.00079
    17	0.00079
  1511	0.00079
     2	0.00079
 13881	0.00079
    93	0.00079
  6148	0.00079
 12670	0.00079
   387	0.00079
  1816	0.00079
  8492	0.00079
  9286	0.00079
 19889	0.00079
  3508	0.00079
  3521	0.00079
    42	0.00079
    81	0.00079
   586	0.00079
   341	0.00079
    12	0.00079
  2229	0.00079
   528	0.00079
  5432	0.00079
    29	0.00079
  1014	0.00079
  2133	0.00079
   254	0.00079
  1898	0.00079
    44	0.00079
  2161	0.00079
   489	0.00079
  2233	0.00079
  1420	0.00079
     2	0.00079
  7937	0.00079
   483	0.00079
    95	0.00079
  2919	0.00079
  2344	0.00079
   677	0.00079
  3588	0.00079
  4212	0.00079
     7	0.00079
    18	0.00079
  2948	0.00164
    60	0.00164
   385	0.00164
     2	0.00164
  1835	0.00164
   465	0.00164
  5227	0.00164
  1182	0.00164
  3562	0.00164
    40	0.00164
  2430	0.00164
   107	0.00164
   677	0.00164
    80	0.00164
   892	0.00164
   133	0.00164
     3	0.00164
     5	0.00164
  1579	0.00164
   136	0.00164
    22	0.00164
   186	0.00164
    18	0.00164
   145	0.00164
    98	0.00164
   604	0.00164
   341	0.00164
   877	0.00164
  3290	0.00164
    94	0.00164
   226	0.00164
  2948	0.00164
     2	0.00164
   642	0.00164
  2161	0.00164
     3	0.00164
    38	0.00164
   875	0.00164
   149	0.00164
   785	0.00164
  3349	0.00164
   494	0.00164
    26	0.00164
  1145	0.00164
  9930	0.00164
     2	0.00164
  2688	0.00164
   125	0.00164
     3	0.00164
   979	0.00164
   410	0.00164
   730	0.00164
     2	0.00164
  3871	0.00164
   797	0.00164
  1424	0.00164
   289	0.00164
  3042	0.00164
  1212	0.00164
    10	0.00164
   987	0.00164
   341	0.00164
    11	0.00164
  1819	0.00164
     5	0.00164
   340	0.00164
     6	0.00164
    28	0.00164
   300	0.00164
   100	0.00164
    17	0.00164
  1636	0.00164
     4	0.00164
    70	0.00164
 24437	0.00164
  1961	0.00164
   393	0.00164
    16	0.00164
    11	0.00164
    44	0.00164
  1584	0.00164
    55	0.00164
    27	0.00164
     2	0.00164
  1420	0.00164
    21	0.00164
   343	0.00164
   174	0.00164
   186	0.00164
  1270	0.00164
   348	0.00164
   221	0.00164
    83	0.00164
     2	0.00164
  2182	0.00164
   136	0.00164
   259	0.00164
    30	0.00164
    97	0.00164
     7	0.00164
   159	0.00164
    10	0.00164
     4	0.00164
  1585	0.00164
     2	0.00164
  1920	0.00164
  1735	0.00164
   451	0.00164
  2314	0.00164
     6	0.00164
  1015	0.00164
   417	0.00164
  1402	0.00164
   219	0.00164
   260	0.00164
     8	0.00164
   736	0.00164
  1291	0.00164
   395	0.00164
    43	0.00164
   976	0.00164
   608	0.00164
   416	0.00164
   107	0.00164
   725	0.00164
    24	0.00164
   672	0.00164
  5380	0.00164
  4271	0.00164
  3133	0.00164
    90	0.00164
   832	0.00164
    10	0.00164
   392	0.00164
   374	0.00107
  1481	0.00107
   787	0.00107
    28	0.00107
  1736	0.00107
    15	0.00107
 13378	0.00107
 16807	0.00107
  2839	0.00107
  5214	0.00107
     2	0.00107
 28331	0.00107
  4498	0.00107
   346	0.00107
  1244	0.00107
  2459	0.00107
  4253	0.00107
  4370	0.00107
   241	0.00107
  1666	0.00107
  4221	0.00107
 14325	0.00107
  1201	0.00107
   594	0.00107
 41855	0.00107
  3289	0.00107
   752	0.00107
  2126	0.00107
     6	0.00107
    48	0.00107
  2067	0.00107
   417	0.00107
  4079	0.00107
     2	0.00107
    65	0.00107
  2301	0.00107
  1121	0.00107
    14	0.00107
  3188	0.00107
  7020	0.00107
  1089	0.00107
  2503	0.00107
 12774	0.00107
  7094	0.00107
     9	0.00107
  2612	0.00107
   142	0.00107
    60	0.00107
    41	0.00107
  7682	0.00032
     8	0.00032
 30143	0.00032
  7497	0.00032
  9385	0.00032
108401	0.00032
 37887	0.00032
 11050	0.00032
  6134	0.00032
  3437	0.00032
  6700	0.00032
   100	0.00032
  5350	0.00032
   594	0.00032
 23820	0.00032
    44	0.00032
 10366	0.00032
    10	0.00030
    20	0.00030
    27	0.00030
126164	0.00030
 35503	0.00030
  1688	0.00030
 38506	0.00030
  9399	0.00030
 16038	0.00030
    87	0.00030
 13171	0.00030
    19	0.00030
  7697	0.00030
   2059712
   12
