 399
    96	0.01043
    17	0.01043
   199	0.01043
   229	0.01043
     2	0.01043
    44	0.01043
     7	0.01043
    31	0.01043
  1733	0.01043
    79	0.01043
    21	0.01043
    12	0.01043
   399	0.01043
    25	0.01043
    94	0.01043
     5	0.01043
    96	0.01043
  2431	0.01043
    37	0.01043
   107	0.01043
    19	0.01043
    37	0.01043
     2	0.01043
    15	0.01043
     4	0.01043
   699	0.01043
   187	0.01043
     2	0.01043
   533	0.01043
    33	0.01043
  1225	0.01043
    37	0.01043
    40	0.01043
   819	0.01043
   215	0.01043
   577	0.01043
     2	0.01043
  1516	0.01043
     2	0.01043
    27	0.01043
     5	0.01043
    17	0.01043
     2	0.01043
    17	0.01043
    93	0.01043
    14	0.01043
   147	0.01043
     4	0.01043
     2	0.01043
     2	0.01043
    10	0.01043
    66	0.01043
    71	0.01043
   903	0.01043
   445	0.01043
     3	0.01043
    26	0.01043
     2	0.01043
    55	0.01043
  2759	0.01043
    16	0.01043
    12	0.01043
     2	0.01043
   129	0.01043
    29	0.01043
    31	0.01043
     2	0.01043
  1998	0.01043
    99	0.01043
   545	0.01043
     8	0.01043
     9	0.01043
     7	0.01043
   219	0.01043
   197	0.01043
   290	0.01043
  1072	0.01043
    53	0.01043
   415	0.01043
    40	0.01043
    94	0.01043
    71	0.01043
   111	0.01043
   762	0.01043
     5	0.01043
   847	0.01043
    18	0.01043
    67	0.01043
     7	0.01043
    34	0.01043
   822	0.01043
    27	0.01043
    80	0.01043
     2	0.01043
    17	0.01043
     4	0.01167
    40	0.01167
    41	0.01167
    88	0.01167
    32	0.01167
     7	0.01167
    12	0.01167
  4490	0.01167
   296	0.01167
    18	0.01167
    13	0.01167
    25	0.01167
   424	0.01167
   337	0.01167
   364	0.01167
   312	0.01167
    62	0.01167
    61	0.01167
   112	0.01167
     3	0.01167
     2	0.01167
     2	0.01167
   429	0.01167
    34	0.01167
    27	0.01167
   245	0.01167
     3	0.01167
    74	0.01167
  1064	0.01167
    11	0.01167
   449	0.01167
   187	0.01167
     2	0.01167
   963	0.01167
    74	0.01167
    24	0.01167
     2	0.01167
    35	0.01167
     3	0.01167
    41	0.01167
   182	0.01167
    57	0.01167
    25	0.01167
   821	0.01167
    21	0.01167
   339	0.01167
     8	0.01167
    26	0.01167
    97	0.01167
    21	0.01167
    14	0.01167
   122	0.01167
    72	0.01167
     4	0.01167
    29	0.01167
    31	0.01167
  1385	0.01167
     2	0.01167
   971	0.01167
    60	0.01167
   295	0.01167
    11	0.01167
     3	0.01167
    90	0.01167
   486	0.01167
     5	0.01167
     8	0.01167
     6	0.01167
    13	0.01167
    42	0.01167
    40	0.01167
    27	0.01167
     7	0.01167
    74	0.01167
     5	0.01167
     4	0.01167
   107	0.01167
   125	0.01167
   143	0.01167
    96	0.01167
    13	0.01167
     7	0.01167
     2	0.00864
     2	0.00864
    94	0.00864
    13	0.00864
   747	0.00864
   402	0.00864
  4788	0.00864
   686	0.00864
    44	0.00864
   161	0.00864
   753	0.00864
     2	0.00864
    31	0.00864
   115	0.00864
   182	0.00864
  3387	0.00864
    90	0.00864
     2	0.00864
   195	0.00864
    79	0.00864
    91	0.00864
     2	0.00864
   176	0.00864
  2671	0.00864
    35	0.00864
     2	0.00864
   358	0.00864
     7	0.00864
   237	0.00864
   802	0.00864
    51	0.00864
     2	0.00864
  3040	0.00864
   341	0.00864
  1189	0.00864
   989	0.00864
    36	0.00864
   316	0.00864
    16	0.00864
   370	0.00864
   166	0.00864
    29	0.00864
  1170	0.00864
    32	0.00864
    12	0.00864
   280	0.00864
     3	0.00864
    93	0.00864
   360	0.00864
   508	0.00864
     2	0.00864
  3374	0.00864
   583	0.00864
   353	0.00864
   338	0.00864
   477	0.00864
    25	0.00864
    25	0.00864
    85	0.00864
  2339	0.00864
   175	0.00864
   192	0.00864
   113	0.00864
   197	0.00864
    60	0.00864
   326	0.00864
     2	0.00864
     2	0.00901
     2	0.00901
     6	0.00901
   210	0.00901
    39	0.00901
    28	0.00901
   278	0.00901
     2	0.00901
     2	0.00901
    40	0.00901
  1080	0.00901
     2	0.00901
    20	0.00901
    68	0.00901
    18	0.00901
    16	0.00901
     3	0.00901
    58	0.00901
   251	0.00901
    43	0.00901
    44	0.00901
    10	0.00901
   109	0.00901
  1008	0.00901
   123	0.00901
   628	0.00901
   674	0.00901
    37	0.00901
     2	0.00901
   392	0.00901
     8	0.00901
   456	0.00901
   379	0.00901
    11	0.00901
     4	0.00901
     6	0.00901
    26	0.00901
   140	0.00901
    68	0.00901
     2	0.00901
     7	0.00901
     2	0.00901
   133	0.00901
  2352	0.00901
   531	0.00901
   325	0.00901
   533	0.00901
    80	0.00901
    80	0.00901
    55	0.00901
    36	0.00901
   197	0.00901
     3	0.00901
    14	0.00901
     2	0.00901
     4	0.00901
    21	0.00901
   110	0.00901
     2	0.00901
    85	0.00816
     3	0.00816
    16	0.00816
     5	0.00816
    67	0.00816
   677	0.00816
   252	0.00816
     2	0.00816
     3	0.00816
     5	0.00816
     2	0.00816
   774	0.00816
    72	0.00816
    38	0.00816
   273	0.00816
     3	0.00816
     4	0.00816
   152	0.00816
   126	0.00816
     2	0.00816
   695	0.00816
     3	0.00816
     2	0.00816
     2	0.00816
   221	0.00816
    43	0.00816
   105	0.00816
   106	0.00816
    36	0.00816
   172	0.00816
    98	0.00816
     4	0.00816
    27	0.00816
   126	0.00816
     2	0.00816
    51	0.00816
  1313	0.00816
    26	0.00816
     2	0.00816
    26	0.00816
    84	0.00816
  3969	0.00816
   278	0.00816
   635	0.00816
     3	0.00816
     3	0.00816
     2	0.00816
    90	0.00816
    87	0.00816
  1276	0.00816
   245	0.00816
    91	0.00816
    10	0.00816
   194	0.00816
    10	0.00816
   366	0.00816
   245	0.00816
     6	0.00816
     4	0.00816
   244	0.00816
     2	0.00816
    10	0.00816
   538	0.00816
    59	0.00816
   423	0.00816
   398	0.00816
     2	0.00816
   354	0.00816
   537	0.00816
    37	0.00816
     8	0.00816
    58	0.00816
     3	0.00816
   118	0.00816
     3	0.00816
    13	0.00816
   814	0.00816
    30	0.00816
    36	0.00816
   459	0.00816
  1459	0.00816
   191	0.00816
   803	0.00816
    73	0.00816
  1212	0.00816
    76	0.00816
    22	0.00816
  1102	0.00816
   198	0.00816
   356	0.00816
    69	0.00816
     2	0.00816
   122	0.00816
     2	0.00816
  2575	0.00816
    30	0.00816
   1495096
   24
