 768
    11	0.00979
   163	0.00979
     4	0.00979
    20	0.00979
  1147	0.00979
     6	0.00979
   542	0.00979
   519	0.00979
    67	0.00979
   126	0.00979
    81	0.00979
    74	0.00979
    82	0.00979
    16	0.00979
    16	0.00979
   329	0.00979
   190	0.00979
     4	0.00979
   140	0.00979
    17	0.00979
   340	0.00979
    49	0.00979
    22	0.00979
     7	0.00979
   119	0.00979
   166	0.00979
    79	0.00979
   245	0.00979
     4	0.00979
    19	0.00979
    22	0.00979
    16	0.00979
    63	0.00979
   150	0.00979
   764	0.00979
    49	0.00979
   969	0.00979
     6	0.00979
     7	0.00979
    57	0.00979
   284	0.00979
   432	0.00979
   406	0.00979
  2277	0.00979
    13	0.00979
    38	0.00979
   149	0.00979
    12	0.00979
    10	0.00979
   214	0.00979
    21	0.00979
     2	0.00979
   220	0.00979
     2	0.00979
     5	0.00979
   222	0.00979
   220	0.00979
   317	0.00979
    19	0.00979
   340	0.00979
    25	0.00979
    76	0.00979
     8	0.00979
   215	0.00979
    32	0.00979
    11	0.00979
     9	0.00979
  2387	0.00979
   146	0.00979
     2	0.00979
    98	0.00979
   353	0.00979
   175	0.00979
     3	0.00979
    19	0.00979
    10	0.00979
   343	0.00979
    32	0.00979
  1401	0.00979
  3334	0.00979
   390	0.00979
   176	0.00979
     8	0.00979
    19	0.00979
  1759	0.00979
   393	0.00979
    11	0.00979
  2082	0.00979
  3572	0.00979
    99	0.00979
   611	0.00979
  1812	0.00979
   553	0.00979
   194	0.00979
   585	0.00979
     3	0.00979
   346	0.00979
    88	0.00979
    20	0.00979
    18	0.00979
   780	0.00979
   175	0.00979
    22	0.00979
   150	0.00979
    18	0.00979
     8	0.00979
    90	0.00979
   457	0.00979
     6	0.00979
   360	0.00979
    10	0.00979
     9	0.00979
   713	0.00979
    12	0.00979
     2	0.00979
    57	0.00979
  4771	0.00979
    45	0.00979
    57	0.00979
    86	0.00979
    14	0.00979
   443	0.00979
   173	0.00979
   149	0.00979
    39	0.00979
     4	0.00979
    20	0.00979
   249	0.00979
     8	0.00979
     8	0.00979
    11	0.00979
     6	0.00979
    71	0.00979
   158	0.00979
    48	0.00979
   321	0.00979
    31	0.00979
   370	0.00979
     2	0.00979
    16	0.00979
    80	0.00979
    19	0.00979
    40	0.00979
   382	0.00979
   457	0.00979
   197	0.00979
   507	0.00979
    19	0.00979
  1056	0.00979
     2	0.00979
    20	0.00979
  1228	0.00979
   640	0.00979
   127	0.00979
    31	0.00979
   101	0.00979
  1245	0.00979
    67	0.00979
  1053	0.00979
   140	0.00979
     8	0.00979
   227	0.00979
    27	0.00979
   172	0.00979
    74	0.00979
   106	0.00979
     2	0.00979
    32	0.00979
    57	0.00979
   874	0.00979
     2	0.00979
     7	0.00979
   140	0.00979
   296	0.00979
    18	0.00979
     2	0.00979
    31	0.00979
    15	0.00979
    60	0.00979
    18	0.00979
  1123	0.00979
  4860	0.00979
   210	0.00979
    40	0.00979
    40	0.00979
    69	0.00979
    32	0.00979
   309	0.00979
    88	0.00979
     2	0.00979
    15	0.00979
   390	0.00979
     7	0.00979
     2	0.00979
   132	0.00979
   252	0.00979
     4	0.00979
   400	0.00979
  2297	0.00979
   106	0.00979
   878	0.00979
   266	0.00979
    19	0.00979
    58	0.00979
   133	0.01136
     5	0.01136
     3	0.01136
   351	0.01136
    16	0.01136
    42	0.01136
     2	0.01136
     2	0.01136
    36	0.01136
  1963	0.01136
   212	0.01136
    74	0.01136
   109	0.01136
     7	0.01136
     3	0.01136
     6	0.01136
     6	0.01136
   386	0.01136
   226	0.01136
    52	0.01136
    20	0.01136
    17	0.01136
     2	0.01136
   382	0.01136
    33	0.01136
   215	0.01136
   956	0.01136
    55	0.01136
    33	0.01136
    36	0.01136
  1243	0.01136
     3	0.01136
    85	0.01136
     7	0.01136
     4	0.01136
   199	0.01136
    60	0.01136
    17	0.01136
    42	0.01136
    37	0.01136
     2	0.01136
   158	0.01136
   259	0.01136
    14	0.01136
    76	0.01136
     5	0.01136
    73	0.01136
    23	0.01136
   115	0.01136
   234	0.01136
    34	0.01136
   137	0.01136
    10	0.01136
    69	0.01136
    31	0.01136
    32	0.01136
   380	0.01136
    94	0.01136
   106	0.01136
    32	0.01136
   257	0.01136
   448	0.01136
   489	0.01136
   348	0.01136
    16	0.01136
     2	0.01136
     5	0.01136
    38	0.01136
    14	0.01136
   117	0.01136
   233	0.01136
  1726	0.01136
    16	0.01136
   562	0.01136
    38	0.01136
   137	0.01136
     4	0.01136
   719	0.01136
    14	0.01136
   353	0.01136
    46	0.01136
   112	0.01136
  3859	0.01136
   452	0.01136
    11	0.01136
   290	0.01136
   353	0.01136
    13	0.01136
     2	0.01136
  1052	0.01136
   406	0.01136
   146	0.01136
    48	0.01136
    78	0.01136
   127	0.01136
    36	0.01136
  1337	0.01136
     2	0.01136
    22	0.01136
   318	0.01136
     2	0.01136
  1369	0.01136
   401	0.01136
    14	0.01136
   117	0.01136
   711	0.01136
    28	0.01136
   180	0.01136
   522	0.01136
     2	0.01136
   158	0.01136
    85	0.01136
    29	0.01136
   440	0.01136
    51	0.01136
    89	0.01136
    85	0.01136
    29	0.01136
    84	0.01136
     2	0.01136
    91	0.01136
   245	0.01136
    93	0.01136
   112	0.01136
   361	0.01136
   564	0.01136
    27	0.01136
     8	0.01136
     7	0.01136
    23	0.01136
     2	0.01136
    45	0.01136
    77	0.01136
    29	0.01136
    18	0.01136
     4	0.01136
  1621	0.01136
     6	0.01136
   863	0.01136
  2802	0.01136
    60	0.01136
   122	0.01136
     2	0.01136
    84	0.01136
     2	0.01136
     5	0.01136
    17	0.01136
  2025	0.01136
   836	0.01136
     3	0.01136
     7	0.01136
   336	0.01136
    10	0.01136
   355	0.01136
   117	0.01136
   131	0.01136
    13	0.01136
    22	0.01136
   325	0.01136
     4	0.01136
    41	0.01136
   244	0.01136
    38	0.01136
   618	0.01136
     5	0.01136
     4	0.01136
   311	0.01136
   134	0.01136
     3	0.01136
   625	0.01136
   488	0.01136
  4763	0.01136
    73	0.01136
    52	0.01136
   115	0.01136
    85	0.01136
     3	0.01136
    33	0.01136
   411	0.00838
     2	0.00838
    18	0.00838
    11	0.00838
    20	0.00838
    60	0.00838
   401	0.00838
   682	0.00838
   126	0.00838
   134	0.00838
  1106	0.00838
   110	0.00838
     6	0.00838
    29	0.00838
   118	0.00838
    78	0.00838
     4	0.00838
     2	0.00838
   321	0.00838
    88	0.00838
   149	0.00838
   211	0.00838
    16	0.00838
   193	0.00838
    91	0.00838
   112	0.00838
    22	0.00838
   265	0.00838
   107	0.00838
   310	0.00838
     7	0.00838
    15	0.00838
    22	0.00838
    29	0.00838
   208	0.00838
   211	0.00838
    23	0.00838
    51	0.00838
   395	0.00838
     3	0.00838
    24	0.00838
    18	0.00838
    58	0.00838
    52	0.00838
   203	0.00838
  6871	0.00838
   160	0.00838
   168	0.00838
   145	0.00838
    10	0.00838
   173	0.00838
    32	0.00838
   259	0.00838
   300	0.00838
     2	0.00838
   143	0.00838
   188	0.00838
     2	0.00838
   203	0.00838
  1397	0.00838
    70	0.00838
   130	0.00838
    41	0.00838
   456	0.00838
    63	0.00838
   188	0.00838
   172	0.00838
  1314	0.00838
  1028	0.00838
   189	0.00838
   142	0.00838
    18	0.00838
  1206	0.00838
    24	0.00838
   542	0.00838
   172	0.00838
   101	0.00838
     2	0.00838
    61	0.00838
  1131	0.00838
  3250	0.00838
   134	0.00838
   265	0.00838
   107	0.00838
   433	0.00838
    47	0.00838
   142	0.00838
    39	0.00838
    16	0.00838
    51	0.00838
    29	0.00838
    89	0.00838
   434	0.00838
     2	0.00838
    37	0.00838
   238	0.00838
   198	0.00838
    11	0.00838
   153	0.00838
   126	0.00838
    88	0.00838
   143	0.00838
    76	0.00838
    27	0.00838
     2	0.00838
    37	0.00838
    16	0.00838
    51	0.00838
   677	0.00838
   139	0.00838
    14	0.00838
    20	0.00838
   368	0.00838
     3	0.00838
   329	0.00838
    36	0.00838
   138	0.00838
     4	0.00838
    29	0.00838
   125	0.00838
   834	0.00838
   201	0.00838
   132	0.00838
    23	0.00838
    17	0.00838
    35	0.00894
    53	0.00894
   121	0.00894
     3	0.00894
  1174	0.00894
     9	0.00894
   109	0.00894
     6	0.00894
     4	0.00894
    59	0.00894
   103	0.00894
   468	0.00894
     2	0.00894
    14	0.00894
     2	0.00894
    49	0.00894
   105	0.00894
   142	0.00894
   266	0.00894
   172	0.00894
     2	0.00894
     4	0.00894
    51	0.00894
     8	0.00894
    29	0.00894
    28	0.00894
  7542	0.00894
     3	0.00894
     6	0.00894
    15	0.00894
    16	0.00894
     2	0.00894
    49	0.00894
   134	0.00894
    19	0.00894
    97	0.00894
    50	0.00894
   411	0.00894
  1039	0.00894
   150	0.00894
     5	0.00894
     2	0.00894
   114	0.00894
    74	0.00894
    18	0.00894
    28	0.00894
    14	0.00894
   476	0.00894
   322	0.00894
     5	0.00894
    15	0.00894
    15	0.00894
   299	0.00894
   107	0.00894
     6	0.00894
    56	0.00894
     3	0.00894
   242	0.00894
   347	0.00894
    56	0.00894
    85	0.00894
    63	0.00894
     7	0.00894
   102	0.00894
    32	0.00894
   140	0.00894
    50	0.00894
     3	0.00894
     3	0.00894
    32	0.00894
    18	0.00894
    34	0.00894
   235	0.00894
    43	0.00894
    36	0.00894
    73	0.00894
  5584	0.00894
    60	0.00894
    12	0.00894
     9	0.00894
   180	0.00894
     5	0.00894
     8	0.00894
     2	0.00894
     9	0.00894
    10	0.00894
     6	0.00894
    22	0.00894
     4	0.00894
     2	0.00894
     5	0.00894
   407	0.00894
   482	0.00894
     3	0.00894
   230	0.00894
  2676	0.00894
    11	0.00894
    34	0.00894
   107	0.00894
    51	0.00894
   213	0.00894
     9	0.00894
     4	0.00894
     5	0.00894
   242	0.00894
   347	0.00894
    56	0.00894
     2	0.00894
    42	0.00894
    74	0.00894
     6	0.00894
   143	0.00894
   378	0.00894
    12	0.00894
    51	0.00894
    19	0.00894
     3	0.00894
   410	0.00832
     9	0.00832
    47	0.00832
    56	0.00832
   219	0.00832
  1120	0.00832
    69	0.00832
    88	0.00832
   143	0.00832
   714	0.00832
    15	0.00832
   103	0.00832
     9	0.00832
  1256	0.00832
     3	0.00832
   206	0.00832
   146	0.00832
     3	0.00832
   146	0.00832
   115	0.00832
   770	0.00832
   180	0.00832
     6	0.00832
     3	0.00832
    22	0.00832
    97	0.00832
    12	0.00832
   660	0.00832
   310	0.00832
     3	0.00832
     2	0.00832
     4	0.00832
   136	0.00832
     2	0.00832
   536	0.00832
     2	0.00832
     3	0.00832
    95	0.00832
   978	0.00832
     3	0.00832
     7	0.00832
    76	0.00832
     3	0.00832
    34	0.00832
    16	0.00832
   853	0.00832
   212	0.00832
     8	0.00832
     4	0.00832
     9	0.00832
     7	0.00832
    47	0.00832
    41	0.00832
     2	0.00832
    71	0.00832
     3	0.00832
    38	0.00832
   115	0.00832
    17	0.00832
   113	0.00832
   790	0.00832
   555	0.00832
  1235	0.00832
   452	0.00832
     2	0.00832
   788	0.00832
     3	0.00832
     5	0.00832
     6	0.00832
    78	0.00832
    29	0.00832
   230	0.00832
     2	0.00832
   323	0.00832
     5	0.00832
   765	0.00832
   489	0.00832
    53	0.00832
     3	0.00832
     3	0.00832
    76	0.00832
    11	0.00832
    42	0.00832
    61	0.00832
   163	0.00832
    16	0.00832
    24	0.00832
    44	0.00832
    64	0.00832
   269	0.00832
     6	0.00832
     2	0.00832
     2	0.00832
     4	0.00832
   187	0.00832
    41	0.00832
    11	0.00832
  2305	0.00832
     2	0.00832
    32	0.00832
     8	0.00832
   163	0.00832
    13	0.00832
    72	0.00832
    64	0.00832
   598	0.00832
  1955	0.00832
     3	0.00832
    78	0.00832
     8	0.00832
   131	0.00832
  3613	0.00832
   409	0.00832
    49	0.00832
    93	0.00832
     3	0.00832
    39	0.00832
   603	0.00832
     4	0.00832
     3	0.00832
     8	0.00832
   131	0.00832
    82	0.00832
    12	0.00832
    72	0.00832
    10	0.00832
    36	0.00832
     7	0.00832
  4713	0.00832
   361	0.00832
     2	0.00832
   564	0.00832
    43	0.00832
  1594	0.00832
    49	0.00832
  1406	0.00832
  1393	0.00832
     4	0.00832
     2	0.00832
   113	0.00832
  1256	0.00832
     9	0.00832
    94	0.00832
   337	0.00832
   1495096
   24
