  44
  1726	0.01108
   489	0.01108
   428	0.01108
   628	0.01108
   356	0.01108
   253	0.01108
   506	0.01108
   551	0.01108
  1134	0.01108
   194	0.01108
   109	0.01108
     8	0.01108
    15	0.01108
   123	0.01108
   562	0.01108
  1128	0.01108
     6	0.01108
   223	0.01108
    28	0.01108
     7	0.01108
   175	0.01429
   368	0.01429
    30	0.01429
    33	0.01429
   897	0.01429
   679	0.01429
   177	0.01429
   686	0.01429
   899	0.01429
    54	0.01429
   523	0.01429
   155	0.01429
   184	0.01429
   815	0.01429
     8	0.01429
   786	0.01429
   301	0.01429
   339	0.01429
   223	0.01429
   445	0.01429
     9	0.01429
    11	0.01429
     6	0.01429
    21	0.01429
    823970
   19
