1218
  2755	0.00038
   700	0.00038
  5485	0.00038
  1669	0.00038
     2	0.00038
  2665	0.00038
  4590	0.00038
  3830	0.00038
 14038	0.00038
     2	0.00038
 19737	0.00038
     3	0.00038
  3210	0.00038
  9213	0.00038
    56	0.00038
 17544	0.00038
 13227	0.00038
     4	0.00038
  5795	0.00038
  3803	0.00038
    23	0.00038
  6231	0.00038
  5059	0.00038
   133	0.00038
  1206	0.00038
  6782	0.00038
  1052	0.00038
    92	0.00038
    11	0.00038
    10	0.00038
   203	0.00038
  2135	0.00038
   448	0.00038
  1364	0.00038
240738	0.00038
  2178	0.00038
  5420	0.00028
  3136	0.00028
    34	0.00028
  4180	0.00028
  3285	0.00028
  3536	0.00028
  1517	0.00028
  3146	0.00028
   801	0.00028
   798	0.00028
    57	0.00028
     3	0.00028
 12399	0.00028
     2	0.00028
  8463	0.00028
     2	0.00028
   117	0.00028
 11203	0.00028
 29542	0.00028
     2	0.00028
   120	0.00028
  1775	0.00028
    44	0.00028
   208	0.00028
 15262	0.00028
   139	0.00028
  4521	0.00028
  4269	0.00028
   198	0.00028
  5811	0.00028
    96	0.00028
   168	0.00028
  5970	0.00028
 34514	0.00028
     7	0.00028
 56935	0.00028
  3026	0.00028
  6792	0.00028
   371	0.00028
  2715	0.00028
  4241	0.00028
 53239	0.00028
 70425	0.00028
  3174	0.00028
  9714	0.00028
    19	0.00028
  1534	0.00028
   115	0.00053
  1295	0.00053
  1071	0.00053
   699	0.00053
    70	0.00053
  4356	0.00053
  1264	0.00053
  6618	0.00053
  3875	0.00053
    39	0.00053
 17164	0.00053
     9	0.00053
     4	0.00053
   599	0.00053
  1138	0.00053
  5174	0.00053
  3933	0.00053
  2061	0.00053
   921	0.00053
   301	0.00053
   837	0.00053
  3157	0.00053
 20707	0.00053
  5036	0.00053
 11654	0.00053
122393	0.00053
  1545	0.00053
  6288	0.00053
   874	0.00053
  1121	0.00053
   921	0.00053
  2343	0.00053
   716	0.00053
   964	0.00053
     7	0.00053
  6948	0.00053
  3342	0.00053
  2541	0.00053
  8339	0.00053
  2241	0.00053
 12229	0.00053
  1194	0.00053
     5	0.00053
 16255	0.00053
 20910	0.00053
    10	0.00053
     9	0.00053
 15451	0.00053
   977	0.00053
   396	0.00053
  1088	0.00053
  3143	0.00053
  2807	0.00053
  3263	0.00053
  9677	0.00053
 29287	0.00053
    96	0.00053
 49488	0.00053
  1675	0.00053
  3217	0.00053
  1292	0.00053
  3986	0.00053
     5	0.00053
    53	0.00053
  1278	0.00053
  3503	0.00053
  2076	0.00029
  4169	0.00029
   420	0.00029
  4597	0.00029
    12	0.00029
  6213	0.00029
    50	0.00029
  2769	0.00029
  5250	0.00029
 27821	0.00029
   925	0.00029
   280	0.00029
  2485	0.00029
    46	0.00029
  5144	0.00029
  6811	0.00029
 13522	0.00029
   702	0.00029
 20658	0.00029
  8888	0.00029
169132	0.00029
  3074	0.00029
  1795	0.00029
  2992	0.00029
  4582	0.00029
  3336	0.00029
 10924	0.00029
 11438	0.00029
111347	0.00029
  1477	0.00029
    52	0.00029
  5446	0.00029
     3	0.00029
  1959	0.00029
     6	0.00029
   745	0.00038
     3	0.00038
  6409	0.00038
    20	0.00038
  3114	0.00038
   258	0.00038
   689	0.00038
 10624	0.00038
    25	0.00038
   371	0.00038
  4406	0.00038
  2072	0.00038
   377	0.00038
  2853	0.00038
  4336	0.00038
  5867	0.00038
    86	0.00038
  8248	0.00038
  1111	0.00038
 14535	0.00038
    75	0.00038
 18516	0.00038
 73518	0.00038
  3056	0.00038
  3298	0.00038
  1372	0.00038
    19	0.00038
     6	0.00038
   677	0.00038
    11	0.00038
     2	0.00038
  4350	0.00038
  1429	0.00038
   444	0.00038
  9347	0.00038
   146	0.00038
   163	0.00038
  3553	0.00038
  3153	0.00038
    90	0.00038
     2	0.00038
 23911	0.00038
  1005	0.00038
   100	0.00038
  1592	0.00038
  5092	0.00038
  1464	0.00038
  1858	0.00038
  3622	0.00038
     4	0.00038
  6817	0.00038
 15377	0.00038
   502	0.00038
  2264	0.00031
     9	0.00031
 17358	0.00031
  1809	0.00031
   987	0.00031
  1813	0.00031
   280	0.00031
   235	0.00031
    52	0.00031
     7	0.00031
   623	0.00031
  5585	0.00031
  1749	0.00031
  2272	0.00031
     2	0.00031
  4759	0.00031
  6653	0.00031
    20	0.00031
  1559	0.00031
     4	0.00031
  8908	0.00031
  5144	0.00031
  4408	0.00031
  3069	0.00031
  3987	0.00031
 11414	0.00031
  4683	0.00031
   737	0.00031
  3351	0.00031
  1235	0.00031
 15895	0.00031
 47322	0.00031
  1612	0.00031
  4226	0.00031
   195	0.00031
   169	0.00031
  4124	0.00031
  6933	0.00031
 10684	0.00031
    20	0.00031
   795	0.00031
   196	0.00031
 25065	0.00031
  4394	0.00031
   203	0.00031
  1367	0.00031
     9	0.00031
   747	0.00031
     2	0.00031
   282	0.00031
  8749	0.00031
  5402	0.00035
  4032	0.00035
 16143	0.00035
 23788	0.00035
   652	0.00035
121271	0.00035
   866	0.00035
    13	0.00035
     3	0.00035
    17	0.00035
   501	0.00035
  4629	0.00035
  1224	0.00035
 13382	0.00035
  7417	0.00035
   286	0.00035
   273	0.00035
 30889	0.00035
    25	0.00035
    12	0.00035
     6	0.00035
    18	0.00035
  2411	0.00035
     2	0.00035
  1331	0.00035
 10807	0.00035
 10254	0.00035
    44	0.00035
  3688	0.00035
   285	0.00035
   166	0.00035
  4895	0.00035
    43	0.00035
  1208	0.00035
  2845	0.00035
  7904	0.00035
  1667	0.00035
  6484	0.00035
  2475	0.00035
   570	0.00035
  2173	0.00035
    13	0.00035
 20363	0.00035
  4070	0.00035
   491	0.00035
   140	0.00035
   270	0.00035
     2	0.00035
  1732	0.00035
  7874	0.00035
    48	0.00035
 33330	0.00035
  8657	0.00035
    90	0.00035
  4742	0.00035
 22891	0.00035
 26177	0.00035
 26828	0.00044
  4457	0.00044
  3593	0.00044
  5164	0.00044
    12	0.00044
  9789	0.00044
  6223	0.00044
  5935	0.00044
 13760	0.00044
   229	0.00044
     5	0.00044
    58	0.00044
   336	0.00044
  1182	0.00044
   456	0.00044
   833	0.00044
    47	0.00044
    61	0.00044
  1319	0.00044
  4641	0.00044
   175	0.00044
 19595	0.00044
   552	0.00044
  9171	0.00044
  3236	0.00044
    31	0.00044
  3181	0.00044
    32	0.00044
  1957	0.00044
    81	0.00044
    13	0.00044
   766	0.00044
  4210	0.00044
   570	0.00044
   346	0.00044
  2538	0.00044
  4073	0.00044
     3	0.00044
  8169	0.00044
    40	0.00044
    47	0.00044
  1567	0.00044
    43	0.00044
    80	0.00044
    50	0.00044
    70	0.00044
  2097	0.00044
  2754	0.00044
   128	0.00044
  6339	0.00044
  4828	0.00044
  4722	0.00044
    36	0.00044
  6329	0.00044
     8	0.00044
  2586	0.00044
   153	0.00044
  2226	0.00044
    12	0.00044
  3354	0.00044
    52	0.00044
  7269	0.00044
    70	0.00044
   851	0.00044
  1482	0.00044
   181	0.00044
  5088	0.00044
  3859	0.00044
  6115	0.00044
    18	0.00044
  6628	0.00044
    71	0.00044
  1569	0.00044
  7120	0.00044
    12	0.00044
 12463	0.00044
  2054	0.00044
   607	0.00040
  4694	0.00040
   360	0.00040
   169	0.00040
     6	0.00040
  5174	0.00040
    98	0.00040
  4846	0.00040
    74	0.00040
     9	0.00040
   286	0.00040
 14492	0.00040
     5	0.00040
   584	0.00040
  6299	0.00040
  2793	0.00040
   698	0.00040
  2882	0.00040
   586	0.00040
  5816	0.00040
    29	0.00040
  5927	0.00040
  3923	0.00040
    15	0.00040
  3932	0.00040
   849	0.00040
     2	0.00040
    21	0.00040
  6463	0.00040
     2	0.00040
 14739	0.00040
  2355	0.00040
  1419	0.00040
  3720	0.00040
  6692	0.00040
     2	0.00040
  1495	0.00040
  2348	0.00040
     5	0.00040
 12406	0.00040
  3772	0.00040
  1649	0.00040
     5	0.00040
  1692	0.00040
  1355	0.00040
  3206	0.00040
  2859	0.00040
   643	0.00040
  1742	0.00040
    33	0.00040
     2	0.00040
  2761	0.00040
    43	0.00040
  3236	0.00040
  1993	0.00040
  1597	0.00040
  4824	0.00040
    49	0.00040
   508	0.00040
  2776	0.00040
  3766	0.00040
   254	0.00040
 10875	0.00040
     2	0.00040
   433	0.00040
     4	0.00040
  1144	0.00040
  6301	0.00040
  1467	0.00050
  1788	0.00050
     5	0.00050
 15924	0.00050
    10	0.00050
  2558	0.00050
   860	0.00050
  6508	0.00050
  2538	0.00050
  2580	0.00050
   318	0.00050
  1327	0.00050
     8	0.00050
  1535	0.00050
    13	0.00050
    10	0.00050
   431	0.00050
  7304	0.00050
  1254	0.00050
 62764	0.00050
   718	0.00050
   888	0.00050
 11405	0.00050
    10	0.00050
   154	0.00050
  7037	0.00050
    23	0.00050
  3762	0.00050
  1844	0.00050
   873	0.00050
   771	0.00050
  4288	0.00050
  7585	0.00050
  3341	0.00050
 19154	0.00050
   575	0.00050
   218	0.00050
  5462	0.00050
    42	0.00050
   113	0.00050
   730	0.00050
  3853	0.00050
     7	0.00050
  1399	0.00050
  2768	0.00050
  4268	0.00050
 23267	0.00050
   383	0.00050
    50	0.00050
     2	0.00050
    39	0.00050
    27	0.00075
    97	0.00075
     3	0.00075
  1825	0.00075
    30	0.00075
   551	0.00075
     4	0.00075
   105	0.00075
     2	0.00075
   530	0.00075
   775	0.00075
  1980	0.00075
  3415	0.00075
     2	0.00075
    16	0.00075
   620	0.00075
   394	0.00075
     2	0.00075
   260	0.00075
  2013	0.00075
  1956	0.00075
  2041	0.00075
  1687	0.00075
   589	0.00075
   334	0.00075
  6480	0.00075
   996	0.00075
  5461	0.00075
  1638	0.00075
     8	0.00075
  2057	0.00075
     2	0.00075
   636	0.00075
  6660	0.00075
  7290	0.00075
  1322	0.00075
 18291	0.00075
  2448	0.00075
  2055	0.00075
   265	0.00075
   524	0.00075
   221	0.00075
   356	0.00075
  3621	0.00075
     4	0.00075
111178	0.00075
    49	0.00075
  4957	0.00075
 33264	0.00075
  1310	0.00075
  3575	0.00075
   482	0.00075
  1583	0.00075
   197	0.00075
  2331	0.00075
  7427	0.00075
   356	0.00075
  3626	0.00075
     8	0.00075
  3240	0.00075
     4	0.00075
   335	0.00075
   667	0.00075
   842	0.00075
  1313	0.00075
  1705	0.00075
  6112	0.00075
   156	0.00075
   246	0.00075
  1653	0.00075
    24	0.00075
  1040	0.00075
   172	0.00075
    10	0.00075
   123	0.00075
  1556	0.00075
  1129	0.00075
   388	0.00075
  5283	0.00075
  3644	0.00075
 14813	0.00073
     5	0.00073
    46	0.00073
  1045	0.00073
  5346	0.00073
    22	0.00073
    44	0.00073
  1608	0.00073
   220	0.00073
   727	0.00073
  4919	0.00073
   110	0.00073
   378	0.00073
    33	0.00073
  5887	0.00073
     9	0.00073
  6169	0.00073
   659	0.00073
  1669	0.00073
   841	0.00073
   559	0.00073
  6637	0.00073
    59	0.00073
   216	0.00073
  3845	0.00073
    21	0.00073
  2936	0.00073
   235	0.00073
     2	0.00073
  3175	0.00073
   119	0.00073
   749	0.00073
  1027	0.00073
   649	0.00073
  5997	0.00073
  2116	0.00073
   156	0.00073
    10	0.00073
  1147	0.00073
   205	0.00073
  5369	0.00073
  1524	0.00073
    15	0.00073
   292	0.00073
   606	0.00073
   299	0.00073
   159	0.00073
   342	0.00073
   793	0.00073
  5676	0.00073
    46	0.00073
  1068	0.00073
  1404	0.00073
  2550	0.00073
    49	0.00073
   176	0.00073
  5159	0.00073
   884	0.00073
  8050	0.00073
   214	0.00073
     4	0.00073
   296	0.00073
  2258	0.00073
  1573	0.00073
 54702	0.00073
    20	0.00073
  1442	0.00073
 20487	0.00073
   955	0.00073
     6	0.00073
  1339	0.00073
     9	0.00107
   841	0.00107
   219	0.00107
  3553	0.00107
  6633	0.00107
  6848	0.00107
 20189	0.00107
   428	0.00107
    13	0.00107
   425	0.00107
    30	0.00107
    89	0.00107
  2136	0.00107
  3185	0.00107
     9	0.00107
   271	0.00107
  1762	0.00107
   115	0.00107
   237	0.00107
    24	0.00107
    61	0.00107
     4	0.00107
  2475	0.00107
  6415	0.00107
    64	0.00107
  1481	0.00107
  1469	0.00107
    12	0.00107
    64	0.00107
   266	0.00107
  3434	0.00107
   984	0.00107
  5088	0.00107
 13676	0.00107
  5531	0.00107
  1018	0.00107
  5283	0.00107
   188	0.00107
  1067	0.00107
    45	0.00107
  3907	0.00107
    58	0.00107
  5301	0.00107
   183	0.00107
   782	0.00107
    49	0.00107
  1462	0.00107
  1778	0.00107
    92	0.00107
  1177	0.00107
  3323	0.00107
     2	0.00107
  2521	0.00107
   403	0.00107
   235	0.00107
  5782	0.00107
   973	0.00107
  3433	0.00107
  1307	0.00107
   124	0.00107
   298	0.00107
   567	0.00107
   351	0.00107
     5	0.00107
  3433	0.00107
  3210	0.00107
   611	0.00107
   893	0.00107
  1209	0.00107
    20	0.00107
  1212	0.00107
  1020	0.00107
    22	0.00107
   113	0.00107
     4	0.00107
     5	0.00107
   174	0.00107
  3375	0.00107
  1109	0.00107
  1236	0.00107
  5628	0.00107
   331	0.00107
  1772	0.00107
   157	0.00107
  5116	0.00107
  2600	0.00107
   172	0.00107
    10	0.00107
  2867	0.00107
   300	0.00107
    10	0.00107
    60	0.00107
   735	0.00107
   124	0.00107
 68982	0.00107
  2815	0.00107
 13525	0.00107
  7300	0.00107
  1512	0.00107
  2228	0.00107
   961	0.00107
    13	0.00107
   732	0.00107
   171	0.00107
    13	0.00113
     3	0.00113
     2	0.00113
   431	0.00113
  1398	0.00113
  7409	0.00113
     2	0.00113
  1261	0.00113
  1097	0.00113
   414	0.00113
  2175	0.00113
     9	0.00113
  1606	0.00113
  2255	0.00113
   127	0.00113
  1051	0.00113
  1664	0.00113
    97	0.00113
   537	0.00113
   687	0.00113
  1832	0.00113
 40894	0.00113
    34	0.00113
  2177	0.00113
   485	0.00113
  5739	0.00113
  7270	0.00113
 42745	0.00113
   317	0.00113
  1058	0.00113
   807	0.00113
  4553	0.00113
     5	0.00113
  1078	0.00113
   782	0.00113
  2564	0.00113
   110	0.00113
   134	0.00113
  3601	0.00113
  1150	0.00113
  2374	0.00113
    86	0.00113
   905	0.00113
  6948	0.00113
   247	0.00113
   183	0.00113
   437	0.00113
  6374	0.00113
   220	0.00113
   495	0.00113
   182	0.00113
   153	0.00113
   419	0.00113
  2613	0.00113
    10	0.00113
     2	0.00113
   649	0.00113
     5	0.00113
    10	0.00113
  2415	0.00113
  1107	0.00113
  1297	0.00113
    81	0.00113
     4	0.00113
  1877	0.00113
    13	0.00113
   465	0.00113
  1846	0.00113
     3	0.00113
    14	0.00113
  3770	0.00113
  1889	0.00113
    11	0.00113
   253	0.00113
  2307	0.00113
     8	0.00113
     2	0.00113
   975	0.00113
    10	0.00113
    73	0.00113
 11427	0.00113
   119	0.00113
     5	0.00113
  1592	0.00113
   947	0.00113
 12225	0.00113
    23	0.00113
    51	0.00113
     4	0.00113
    55	0.00113
 10559	0.00113
  5777	0.00113
  1378	0.00113
   135	0.00113
    38	0.00113
   315	0.00113
  3782	0.00113
 16088	0.00113
    72	0.00113
 41991	0.00113
    11	0.00113
  2055	0.00113
    71	0.00143
  8500	0.00143
 12799	0.00143
  4979	0.00143
    12	0.00143
     6	0.00143
    76	0.00143
  7964	0.00143
     4	0.00143
  1752	0.00143
    15	0.00143
  1887	0.00143
   118	0.00143
   721	0.00143
   307	0.00143
    44	0.00143
  3648	0.00143
  5150	0.00143
    15	0.00143
  4500	0.00143
   695	0.00143
   566	0.00143
 15447	0.00143
 11194	0.00143
   789	0.00143
   247	0.00143
  4715	0.00143
  4807	0.00143
  1457	0.00143
  3193	0.00143
  3588	0.00143
     4	0.00143
   703	0.00143
    53	0.00143
   529	0.00143
  4215	0.00143
  9942	0.00143
   824	0.00143
   433	0.00143
   196	0.00143
   271	0.00143
   922	0.00143
 11147	0.00143
  4969	0.00143
   260	0.00143
  5372	0.00143
  6746	0.00143
  1144	0.00143
   197	0.00143
   420	0.00143
     2	0.00143
  6281	0.00143
   266	0.00143
    10	0.00143
   521	0.00143
  3424	0.00143
   106	0.00143
    38	0.00143
   206	0.00143
  4118	0.00143
   456	0.00143
   750	0.00143
   729	0.00143
   434	0.00143
    44	0.00143
   305	0.00143
  1380	0.00143
    42	0.00143
  1105	0.00143
  4468	0.00143
   505	0.00143
    10	0.00143
  1317	0.00143
    20	0.00143
    16	0.00143
    66	0.00143
     6	0.00143
    69	0.00143
   345	0.00143
   138	0.00143
  1479	0.00143
    56	0.00143
   212	0.00143
   637	0.00143
   161	0.00143
    51	0.00143
   209	0.00143
   498	0.00143
  1094	0.00143
   902	0.00143
   376	0.00143
  1718	0.00143
  1745	0.00143
  2405	0.00143
  1647	0.00143
     4	0.00143
  1454	0.00143
   252	0.00143
  6619	0.00143
   953	0.00143
  2299	0.00143
  1914	0.00143
  2635	0.00143
  5377	0.00143
     7	0.00143
   420	0.00143
   323	0.00143
   178	0.00143
   115	0.00143
     7	0.00143
     2	0.00143
  1897	0.00143
   152	0.00143
   585	0.00225
   122	0.00225
  4362	0.00225
    50	0.00225
  1877	0.00225
  1048	0.00225
   337	0.00225
   250	0.00225
  3746	0.00225
   340	0.00225
    46	0.00225
   386	0.00225
    99	0.00225
   102	0.00225
  3733	0.00225
    14	0.00225
  1247	0.00225
  4032	0.00225
   158	0.00225
    31	0.00225
    92	0.00225
   393	0.00225
    86	0.00225
    37	0.00225
   882	0.00225
    21	0.00225
  2381	0.00225
   590	0.00225
    98	0.00225
  2872	0.00225
   689	0.00225
    16	0.00225
   723	0.00225
  1310	0.00225
    63	0.00225
  8408	0.00225
    27	0.00225
  2208	0.00225
    27	0.00225
   161	0.00225
   105	0.00225
   302	0.00225
   417	0.00225
     7	0.00225
  2947	0.00225
   932	0.00225
   132	0.00225
    19	0.00225
    98	0.00225
   111	0.00225
    90	0.00225
    23	0.00225
     2	0.00225
  2764	0.00225
   158	0.00225
  4787	0.00225
   184	0.00225
    10	0.00225
  2602	0.00225
    26	0.00225
    27	0.00225
   596	0.00225
    49	0.00225
     2	0.00225
     2	0.00225
  2051	0.00225
  3201	0.00225
   134	0.00225
    99	0.00225
   349	0.00225
    24	0.00225
  3544	0.00225
    27	0.00225
   290	0.00225
   249	0.00225
   145	0.00225
    13	0.00225
  1575	0.00225
    90	0.00225
   337	0.00225
    27	0.00225
  1572	0.00225
   958	0.00225
    42	0.00225
   885	0.00225
   172	0.00225
    15	0.00225
 13660	0.00200
   147	0.00200
  3100	0.00200
   153	0.00200
 18423	0.00200
     4	0.00200
   739	0.00200
    19	0.00200
  1427	0.00200
  2011	0.00200
   317	0.00200
     2	0.00200
    11	0.00200
   671	0.00200
  1008	0.00200
  1688	0.00200
   390	0.00200
   114	0.00200
     2	0.00200
  2402	0.00200
  2484	0.00200
     3	0.00200
  1444	0.00200
   586	0.00200
   453	0.00200
   125	0.00200
  4024	0.00200
     4	0.00200
   171	0.00200
   106	0.00200
   113	0.00200
   311	0.00200
    24	0.00200
   695	0.00200
   510	0.00200
  2924	0.00200
   315	0.00200
   138	0.00200
     3	0.00200
    55	0.00200
   285	0.00200
  1806	0.00200
   261	0.00200
   319	0.00200
   141	0.00200
    32	0.00200
    41	0.00200
  1548	0.00200
  1470	0.00200
    91	0.00200
    22	0.00200
  1286	0.00200
    51	0.00200
     4	0.00200
  6083	0.00200
  2453	0.00200
    69	0.00200
    12	0.00200
    11	0.00200
  1118	0.00200
  5315	0.00200
    22	0.00200
    72	0.00200
   530	0.00200
   648	0.00200
   741	0.00200
 12780	0.00200
   522	0.00200
   711	0.00200
    39	0.00200
  1123	0.00200
   278	0.00200
   261	0.00200
     2	0.00200
  2830	0.00200
   258	0.00200
    97	0.00200
    88	0.00200
     3	0.00200
    62	0.00200
    54	0.00200
    55	0.00200
  3068	0.00200
    11	0.00200
   611	0.00200
   709	0.00200
   171	0.00200
  1987	0.00200
   101	0.00200
  1248	0.00200
   168	0.00200
  4112	0.00200
   287	0.00200
  1394	0.00200
    54	0.00200
  3179	0.00200
   909	0.00200
    25	0.00200
    88	0.00200
    39	0.00200
     2	0.00200
     6	0.00200
    28	0.00200
   487	0.00200
   629	0.00200
  3106	0.00200
  2752	0.00200
   737	0.00200
  2314	0.00200
    89	0.00200
   107	0.00200
  1932	0.00200
  2398	0.00200
  2560	0.00200
     2	0.00200
    26	0.00200
    38	0.00200
   126	0.00200
  1033	0.00200
     5	0.00200
   4313636
   23
