 164
    11	0.01216
     7	0.01216
    49	0.01216
     2	0.01216
     6	0.01216
     8	0.01216
    92	0.01216
    67	0.01216
     2	0.01216
    11	0.01216
   193	0.01216
   348	0.01216
    17	0.01216
    47	0.01216
     2	0.01216
   188	0.01216
    38	0.01216
    69	0.01216
   161	0.01216
    48	0.01216
    22	0.01216
   146	0.01216
    11	0.01216
    45	0.01216
    86	0.01216
     2	0.01216
     2	0.01216
    16	0.01216
     4	0.01216
     2	0.01216
     2	0.01216
     2	0.01216
    67	0.01216
    52	0.01216
    31	0.01216
    29	0.01216
     2	0.01216
   173	0.01216
     3	0.01216
   164	0.01216
   577	0.01216
   750	0.01216
    32	0.01216
     2	0.01216
   227	0.01216
     7	0.01216
    19	0.01216
     5	0.01216
    33	0.01216
   660	0.01216
    12	0.01216
     4	0.01216
    42	0.01216
    73	0.01216
     9	0.01216
    46	0.01216
    35	0.01216
    12	0.01216
    95	0.01216
   948	0.01216
    81	0.01216
    99	0.01216
     4	0.01216
   171	0.01216
     3	0.01216
     2	0.01216
   177	0.01216
     2	0.01216
     7	0.01216
   220	0.01596
    87	0.01596
     3	0.01596
     4	0.01596
    73	0.01596
    14	0.01596
     2	0.01596
     4	0.01596
    71	0.01596
     5	0.01596
     2	0.01596
     5	0.01596
    67	0.01596
    68	0.01596
   709	0.01596
   674	0.01596
    41	0.01596
    39	0.01596
   101	0.01596
   243	0.01596
    64	0.01596
    51	0.01596
    15	0.01596
    11	0.01596
    54	0.01596
    14	0.01596
     7	0.01596
    54	0.01596
    29	0.01596
     3	0.01596
     7	0.01596
   137	0.01596
   128	0.01596
    57	0.01596
   286	0.01596
     3	0.01596
    15	0.01596
    24	0.01596
     5	0.01596
   124	0.01596
    33	0.01596
     2	0.01596
     2	0.01596
     9	0.01596
   305	0.01596
    31	0.01596
    48	0.01596
     7	0.01596
    30	0.01596
    34	0.01596
     3	0.01596
     3	0.01596
    24	0.01596
     8	0.01596
    73	0.01596
     4	0.01596
    13	0.01596
     4	0.01596
     4	0.01596
    24	0.01596
  4234	0.01596
   100	0.01596
     7	0.01596
    10	0.01596
     5	0.01596
    38	0.01596
    36	0.01596
    12	0.01596
     2	0.01596
   160	0.01596
     3	0.01596
   125	0.01596
     7	0.01596
     7	0.01596
    33	0.01596
   142	0.01596
   324	0.01596
    34	0.01596
   664	0.01596
    30	0.01596
  3033	0.01596
    18	0.01596
     8	0.01596
     2	0.01596
  1693	0.01596
     3	0.01596
    60	0.01596
     4	0.01596
    33	0.01596
   122	0.01596
    20	0.01596
     2	0.01596
    14	0.01596
   146	0.01596
    37	0.01596
    823970
   24
