  82
    52	0.01046
    22	0.01046
     5	0.01046
    11	0.01046
   172	0.01046
   171	0.01046
   101	0.01046
   281	0.01046
     4	0.01046
    13	0.01046
    43	0.01046
     5	0.01046
   157	0.01046
    55	0.01046
  3953	0.01046
    83	0.01046
   312	0.01046
     6	0.01046
     2	0.01046
   164	0.01046
  5146	0.01046
    21	0.01046
    25	0.01046
   108	0.01046
  1623	0.01046
   446	0.01046
   351	0.01046
   305	0.01046
   448	0.01046
   115	0.01046
   223	0.01046
   838	0.01046
   402	0.01046
     7	0.01046
    44	0.01046
    28	0.01046
   436	0.01046
     2	0.01216
    12	0.01216
   180	0.01216
    35	0.01216
    36	0.01216
     3	0.01216
    10	0.01216
     4	0.01216
     5	0.01216
    54	0.01216
     2	0.01216
    43	0.01216
   261	0.01216
    71	0.01216
   158	0.01216
   131	0.01216
   146	0.01216
     7	0.01216
   176	0.01216
   116	0.01426
    47	0.01426
   200	0.01426
     2	0.01426
   293	0.01426
     2	0.01426
    37	0.01426
   246	0.01426
     7	0.01426
    10	0.01426
   473	0.01426
    29	0.01426
     2	0.01426
    16	0.01426
    20	0.01426
   268	0.01426
     2	0.01426
     5	0.01426
   330	0.01426
    10	0.01426
     3	0.01426
   167	0.01426
    90	0.01426
    10	0.01426
    34	0.01426
    22	0.01426
    892056
   18
