  60
    30	0.00082
   208	0.00082
   100	0.00082
  7012	0.00082
  5388	0.00082
  6172	0.00082
     5	0.00082
   376	0.00082
    57	0.00082
     7	0.00082
   115	0.00082
   167	0.00082
    15	0.00082
  1453	0.00082
   251	0.00082
   620	0.00082
   929	0.00082
     7	0.00082
  4853	0.00082
  1068	0.00082
   208	0.00082
   171	0.00082
 10499	0.00082
  5024	0.00082
   165	0.00082
    28	0.00082
  1482	0.00082
  1144	0.00082
  4538	0.00082
  1579	0.00082
  2248	0.00082
   108	0.00082
  1927	0.00082
 11126	0.00082
   490	0.00082
  2097	0.00082
   124	0.00082
   575	0.00082
  9094	0.00082
  1162	0.00082
    57	0.00082
    53	0.00082
  3765	0.00082
    58	0.00082
   486	0.00082
    65	0.00082
   989	0.00082
  2231	0.00082
 16135	0.00082
    12	0.00082
  3449	0.00082
   944	0.00082
    58	0.00082
    29	0.00082
   639	0.00082
  5519	0.00082
  4966	0.00082
    42	0.00082
   293	0.00082
  5949	0.00082
    182266
   23
