 152
    99	0.00691
   234	0.00691
   737	0.00691
   449	0.00691
   713	0.00691
   229	0.00691
  1017	0.00691
 15805	0.00691
  1157	0.00691
  2883	0.00691
  2603	0.00691
   985	0.00691
  1581	0.00691
    84	0.00691
  3132	0.00691
   938	0.00691
    27	0.00691
  2757	0.00691
    12	0.00691
   164	0.00691
  2347	0.00691
  2821	0.00691
  1665	0.00691
 34707	0.00691
  5400	0.00691
  2672	0.00691
   114	0.00195
  1242	0.00195
     3	0.00195
   281	0.00195
  8260	0.00195
  4709	0.00195
  3698	0.00195
     3	0.00195
   112	0.00195
 22391	0.00195
     3	0.00195
  2228	0.00195
 22690	0.00195
  1398	0.00195
 16038	0.00195
   111	0.00195
 22245	0.00195
  1577	0.00195
   477	0.00195
  3438	0.00195
  4763	0.00195
  1469	0.00195
  1868	0.00195
   581	0.00195
  1331	0.00195
  3247	0.00195
  3316	0.00195
   125	0.00195
    94	0.00195
   783	0.00195
  2934	0.00195
  6391	0.00195
 18926	0.00195
  2960	0.00195
    31	0.00195
   543	0.00195
   241	0.00195
    66	0.00195
 29848	0.00404
     3	0.00404
  5281	0.00404
 17136	0.00404
 30212	0.00404
  4272	0.00404
 11142	0.00404
   100	0.00404
    74	0.00404
     4	0.00404
   896	0.00404
 13083	0.00404
 21414	0.00404
  4164	0.00404
    75	0.00404
 26007	0.00404
 21029	0.00404
  8773	0.00404
   109	0.00404
 13963	0.00404
    48	0.00316
    22	0.00316
  2958	0.00316
   565	0.00316
   241	0.00316
    27	0.00316
  2016	0.00316
  3095	0.00316
    26	0.00316
  5156	0.00316
    28	0.00316
  1018	0.00316
   217	0.00316
  1697	0.00316
 27513	0.00316
  1019	0.00316
    51	0.00316
   775	0.00316
   913	0.00316
    36	0.00316
   135	0.00316
  5351	0.00316
   323	0.00316
  1759	0.00316
    29	0.00316
     4	0.00316
  2052	0.00057
  7204	0.00057
   211	0.00057
  1632	0.00057
    66	0.00057
 11169	0.00057
  1550	0.00057
  4121	0.00057
 10074	0.00057
   411	0.00057
 33709	0.00057
  1150	0.00057
   705	0.00057
    44	0.00057
   332	0.00057
     5	0.00057
 12140	0.00057
    68	0.00057
    92	0.00038
  5646	0.00038
   147	0.00038
  4702	0.00038
  4076	0.00038
 45453	0.00038
 82431	0.00038
    68	0.00038
 10864	0.00038
  3525	0.00038
  5463	0.00038
 20032	0.00038
  2610	0.00038
  2504	0.00013
  3481	0.00013
 99559	0.00013
 15501	0.00013
   301	0.00013
   624	0.00013
 27562	0.00033
   251	0.00033
 15219	0.00033
  5146	0.00033
101063	0.00033
   2059712
   19
