 218
   101	0.01582
    23	0.01582
     4	0.01582
   318	0.01582
   605	0.01582
   228	0.01582
    85	0.01582
     8	0.01582
     2	0.01582
   347	0.01582
    28	0.01582
    72	0.01582
     7	0.01582
     8	0.01582
    41	0.01582
    66	0.01582
   341	0.01582
    35	0.01582
   721	0.01582
     7	0.01582
    67	0.01582
    42	0.01582
   105	0.01582
     4	0.01582
   408	0.01582
    67	0.01582
   347	0.01582
   253	0.01582
  1276	0.01582
    38	0.01582
    31	0.01582
  3993	0.01582
     2	0.01582
   112	0.01582
     4	0.01582
    67	0.01582
    28	0.01582
   105	0.01818
    12	0.01818
    18	0.01818
    14	0.01818
     3	0.01818
    68	0.01818
     2	0.01818
    90	0.01818
   142	0.01818
    34	0.01818
    47	0.01818
    15	0.01818
   697	0.01818
    59	0.01818
    92	0.01818
    17	0.01818
    26	0.01818
    30	0.01818
   581	0.01818
   144	0.01818
    45	0.01818
     6	0.01818
     3	0.01818
    64	0.01818
     2	0.01818
    35	0.01818
     3	0.01818
    40	0.01818
    73	0.01818
   142	0.01818
    52	0.01818
   112	0.01818
  1297	0.01818
   657	0.01818
   697	0.01818
   232	0.01553
    61	0.01553
   244	0.01553
   155	0.01553
    73	0.01553
     9	0.01553
   412	0.01553
    23	0.01553
    29	0.01553
   382	0.01553
   538	0.01553
   283	0.01553
   776	0.01553
   177	0.01553
    40	0.01553
    13	0.01553
     4	0.01553
    57	0.01553
   357	0.01553
    23	0.01553
   155	0.01553
    73	0.01553
    42	0.01553
   160	0.01553
    65	0.01553
    29	0.01553
   869	0.01553
    27	0.01553
    75	0.01553
    18	0.01553
   514	0.01553
   360	0.01553
   170	0.01553
   410	0.01553
  1200	0.01083
    23	0.01083
    47	0.01083
   100	0.01083
   218	0.01083
   114	0.01083
  2346	0.01083
     3	0.01083
   499	0.01083
    49	0.01083
    43	0.01083
   602	0.01083
    93	0.01083
  2144	0.01083
    55	0.01083
   511	0.01083
   237	0.01083
    61	0.01083
   526	0.01083
   551	0.01083
   600	0.01083
   116	0.01083
   306	0.01083
   226	0.01083
   306	0.01083
    93	0.01083
   258	0.01083
   666	0.01083
    86	0.01083
   437	0.01083
   966	0.01083
    55	0.01083
  1124	0.01083
   118	0.01083
    44	0.01083
     3	0.01083
   454	0.01083
     4	0.01083
  1090	0.01083
    35	0.01083
    23	0.01083
   205	0.01083
    67	0.01083
   245	0.01083
  1025	0.01083
   106	0.01083
   229	0.01083
    39	0.01083
    60	0.01083
   228	0.01083
    26	0.01083
   229	0.01083
    39	0.01083
   172	0.01083
   332	0.01083
    26	0.01083
    32	0.01083
   807	0.01083
  2178	0.01083
   234	0.01083
    11	0.01083
    45	0.01083
   349	0.01083
   139	0.01561
  4523	0.01561
    35	0.01561
    19	0.01561
   173	0.01561
     2	0.01561
  2057	0.01561
     2	0.01561
     5	0.01561
   409	0.01561
   361	0.01561
   140	0.01561
   301	0.01561
   356	0.01561
    14	0.01561
   573	0.01561
    23	0.01561
    91	0.01561
   167	0.01561
    69	0.01561
   233	0.01561
     5	0.01561
   822	0.01561
   258	0.01561
    64	0.01561
   229	0.01561
   136	0.01561
   572	0.01561
   145	0.01561
    23	0.01561
    41	0.01561
   242	0.01561
    59	0.01561
   416	0.01561
   204	0.01561
    58	0.01561
    87	0.01561
    10	0.01561
    70	0.01561
   139	0.01561
   189	0.01561
   116	0.01561
   184	0.01561
   526	0.01561
    11	0.01561
   322	0.01561
     9	0.01561
  1106	0.01561
   572	0.01561
   1208621
   24
