  79
    66	0.00813
    16	0.00813
    11	0.00813
   352	0.00813
    80	0.00813
     8	0.00813
    20	0.00813
     6	0.00813
   683	0.00813
   342	0.00813
   224	0.00813
    85	0.00813
    51	0.00813
    10	0.00813
   365	0.00813
   196	0.00813
    17	0.00813
    38	0.00813
    42	0.00813
     3	0.00813
     4	0.00813
   226	0.00813
   140	0.00813
   574	0.00813
    13	0.00813
    11	0.00813
   160	0.00813
   185	0.00813
   130	0.00813
    70	0.00813
   780	0.00813
  1058	0.00813
   134	0.00813
    80	0.00813
   145	0.00813
    15	0.00813
     7	0.00813
     4	0.00813
   497	0.00813
   148	0.00813
   274	0.00813
   155	0.00813
   525	0.00813
   469	0.00813
   381	0.00813
    10	0.00813
    48	0.00813
   161	0.00813
     7	0.00813
    51	0.00813
     3	0.00813
     2	0.00813
    62	0.00813
    47	0.00813
    15	0.00813
  1182	0.00813
   297	0.00813
   844	0.00813
    16	0.00813
   197	0.00813
     8	0.00813
   154	0.00813
    29	0.00813
   600	0.00813
   767	0.00813
    71	0.00813
    25	0.00813
    69	0.00813
    78	0.00813
   118	0.00813
    49	0.00813
    10	0.00813
   622	0.00813
    46	0.00813
    55	0.00813
    67	0.00813
     5	0.00813
     3	0.00813
    43	0.00813
    394367
   19
