 574
  1475	0.00173
   167	0.00173
     8	0.00173
     2	0.00173
     2	0.00173
   145	0.00173
  1373	0.00173
   768	0.00173
   339	0.00173
  1034	0.00173
    71	0.00173
  2250	0.00173
    10	0.00173
  4953	0.00173
    14	0.00173
   720	0.00173
   590	0.00173
    30	0.00173
  1689	0.00173
  9916	0.00173
  2515	0.00173
  2654	0.00173
  1404	0.00173
   795	0.00173
    12	0.00173
  1719	0.00173
   194	0.00173
    44	0.00173
    47	0.00173
  3718	0.00173
   504	0.00173
   148	0.00173
  2264	0.00173
  6729	0.00173
    12	0.00173
   363	0.00173
    19	0.00173
     2	0.00173
   279	0.00173
  3009	0.00173
   781	0.00173
   470	0.00173
   980	0.00173
   114	0.00173
   174	0.00173
    27	0.00173
   127	0.00173
   238	0.00173
     3	0.00173
   187	0.00173
   557	0.00173
   512	0.00173
  3253	0.00173
    74	0.00173
    12	0.00173
  3868	0.00173
  1117	0.00173
   311	0.00173
     9	0.00173
  1459	0.00173
   119	0.00173
  1311	0.00173
   174	0.00173
    35	0.00173
  2699	0.00173
   259	0.00173
    60	0.00173
  4741	0.00173
    81	0.00173
  1552	0.00173
   207	0.00173
   301	0.00173
  1346	0.00173
   532	0.00173
   282	0.00173
  2246	0.00173
   741	0.00173
    99	0.00173
    40	0.00173
  1226	0.00173
   121	0.00173
    14	0.00173
   105	0.00173
   139	0.00173
    88	0.00173
   200	0.00173
     2	0.00173
   425	0.00173
  4968	0.00173
   814	0.00173
   208	0.00173
   388	0.00173
    68	0.00173
    22	0.00173
   185	0.00173
    22	0.00173
  1049	0.00173
   378	0.00173
    27	0.00173
   230	0.00173
    81	0.00173
  2037	0.00173
   871	0.00173
  1525	0.00173
   109	0.00173
    20	0.00173
   173	0.00173
  2998	0.00173
     7	0.00173
 16033	0.00173
  3865	0.00173
 10595	0.00173
    53	0.00173
  4824	0.00173
   555	0.00173
    16	0.00173
   326	0.00173
   277	0.00173
     6	0.00173
   171	0.00173
   132	0.00173
   690	0.00173
   266	0.00173
  4008	0.00173
    35	0.00173
     5	0.00173
    28	0.00288
  1181	0.00288
  1720	0.00288
    30	0.00288
   777	0.00288
   497	0.00288
   248	0.00288
   866	0.00288
   731	0.00288
  1564	0.00288
   716	0.00288
  1057	0.00288
  2671	0.00288
   534	0.00288
    52	0.00288
   710	0.00288
    37	0.00288
    34	0.00288
   140	0.00288
   197	0.00288
    46	0.00288
  2267	0.00288
  1087	0.00288
   601	0.00288
   220	0.00288
   688	0.00288
   734	0.00288
   363	0.00288
  1103	0.00288
  1725	0.00288
   643	0.00288
   161	0.00288
    18	0.00288
   247	0.00288
  1291	0.00288
    10	0.00288
  5187	0.00288
   962	0.00288
   536	0.00288
   764	0.00288
    10	0.00288
  1179	0.00288
  1558	0.00288
   878	0.00288
   473	0.00288
   771	0.00288
  1865	0.00288
   580	0.00288
   200	0.00288
   221	0.00288
    97	0.00288
  1118	0.00288
  1010	0.00288
    39	0.00288
  1659	0.00288
  1077	0.00288
   637	0.00288
    26	0.00288
    56	0.00288
   153	0.00288
  1021	0.00288
  1965	0.00288
   899	0.00288
  3124	0.00288
    39	0.00288
   810	0.00288
   262	0.00288
   145	0.00288
     5	0.00288
   167	0.00288
   423	0.00288
    16	0.00288
    26	0.00288
    10	0.00288
  2137	0.00288
     7	0.00288
   735	0.00288
   881	0.00288
   758	0.00288
  1216	0.00288
     2	0.00288
  1420	0.00288
   629	0.00288
    47	0.00288
   115	0.00288
   462	0.00288
   220	0.00288
   832	0.00288
   188	0.00288
   149	0.00288
  3913	0.00288
  1660	0.00288
  1078	0.00288
  2440	0.00288
   341	0.00288
   703	0.00288
   827	0.00288
   522	0.00288
  1241	0.00288
  2570	0.00288
   960	0.00288
     6	0.00288
    99	0.00288
   490	0.00288
  1043	0.00288
  1017	0.00288
   681	0.00288
   187	0.00288
     4	0.00288
  1660	0.00288
  2938	0.00288
   169	0.00288
  1144	0.00288
  1164	0.00288
  1111	0.00288
   510	0.00288
   855	0.00288
   216	0.00288
  1208	0.00288
   108	0.00288
  1493	0.00288
  1000	0.00288
  4280	0.00288
   366	0.00288
 11359	0.00288
  6241	0.00288
    32	0.00288
   699	0.00173
  3466	0.00173
   222	0.00173
   676	0.00173
   283	0.00173
    50	0.00173
   772	0.00173
  2399	0.00173
    18	0.00173
   112	0.00173
   654	0.00173
    17	0.00173
   269	0.00173
  4137	0.00173
  1084	0.00173
  2184	0.00173
  2617	0.00173
  1526	0.00173
  3183	0.00173
   267	0.00173
     3	0.00173
   244	0.00173
   768	0.00173
    55	0.00173
   613	0.00173
    54	0.00173
    53	0.00173
  2786	0.00173
  3672	0.00173
   253	0.00173
   208	0.00173
     2	0.00173
    90	0.00173
    32	0.00173
   209	0.00173
   487	0.00173
  1273	0.00173
  2767	0.00173
     6	0.00173
  1644	0.00173
   507	0.00173
   642	0.00173
    20	0.00173
   188	0.00173
   658	0.00173
  3398	0.00173
   323	0.00173
   118	0.00173
   465	0.00173
   976	0.00173
   827	0.00173
   260	0.00173
    90	0.00173
  1641	0.00173
   195	0.00173
    25	0.00173
   457	0.00173
  2537	0.00173
  2450	0.00173
   100	0.00173
   230	0.00173
     9	0.00173
   129	0.00173
   136	0.00173
    27	0.00173
   161	0.00173
     6	0.00173
     8	0.00203
   349	0.00203
   113	0.00203
     4	0.00203
    92	0.00203
   599	0.00203
   297	0.00203
    26	0.00203
   670	0.00203
   632	0.00203
   155	0.00203
   443	0.00203
   258	0.00203
   389	0.00203
    30	0.00203
   615	0.00203
   328	0.00203
   724	0.00203
    35	0.00203
   237	0.00203
   687	0.00203
   115	0.00203
    69	0.00203
   634	0.00203
     2	0.00203
    14	0.00203
  1126	0.00203
   445	0.00203
     2	0.00203
   635	0.00203
   115	0.00203
    22	0.00203
   505	0.00203
  1462	0.00203
     2	0.00203
    51	0.00203
   117	0.00203
   626	0.00203
    11	0.00203
  1134	0.00203
    90	0.00203
  3301	0.00203
    54	0.00203
    25	0.00203
    81	0.00203
     2	0.00203
   814	0.00203
  1123	0.00203
     9	0.00203
   304	0.00203
   307	0.00203
  1008	0.00203
  1443	0.00203
   487	0.00203
   709	0.00203
   298	0.00203
   234	0.00203
   505	0.00203
   378	0.00203
  1375	0.00203
  2842	0.00203
  1623	0.00203
  1063	0.00203
   287	0.00203
   774	0.00203
   999	0.00203
    47	0.00203
     2	0.00203
   625	0.00203
   323	0.00203
   470	0.00203
   650	0.00203
   370	0.00203
     2	0.00203
     5	0.00203
    44	0.00203
     8	0.00203
     7	0.00203
  2472	0.00203
    41	0.00203
    22	0.00203
   628	0.00203
  1780	0.00203
   839	0.00203
    13	0.00203
     2	0.00203
  1545	0.00203
   191	0.00203
   252	0.00203
   447	0.00203
    57	0.00203
     7	0.00203
     2	0.00203
     4	0.00203
   292	0.00203
   299	0.00203
   196	0.00203
     5	0.00203
  2065	0.00203
     8	0.00203
   265	0.00203
   304	0.00203
   403	0.00203
  4887	0.00203
  3450	0.00203
   247	0.00203
   306	0.00203
   657	0.00203
   674	0.00203
   579	0.00203
   753	0.00203
    34	0.00203
     2	0.00203
    29	0.00203
   406	0.00203
   725	0.00203
    17	0.00203
     3	0.00203
     9	0.00203
    92	0.00203
    35	0.00203
     3	0.00203
    88	0.00203
   262	0.00203
    76	0.00203
    85	0.00203
   193	0.00203
    63	0.00203
    99	0.00203
  1179	0.00203
     4	0.00203
   441	0.00203
   498	0.00203
    34	0.00279
    18	0.00279
   805	0.00279
     4	0.00279
     6	0.00279
   116	0.00279
     4	0.00279
     3	0.00279
    34	0.00279
   625	0.00279
   229	0.00279
   478	0.00279
     2	0.00279
   139	0.00279
    49	0.00279
    78	0.00279
  1696	0.00279
   106	0.00279
     2	0.00279
    27	0.00279
   997	0.00279
   645	0.00279
   701	0.00279
     2	0.00279
   312	0.00279
   459	0.00279
   473	0.00279
   465	0.00279
     4	0.00279
   191	0.00279
     6	0.00279
    75	0.00279
    35	0.00279
   221	0.00279
    18	0.00279
   337	0.00279
    69	0.00279
   247	0.00279
   111	0.00279
    23	0.00279
    12	0.00279
     3	0.00279
   723	0.00279
    19	0.00279
   166	0.00279
   381	0.00279
   526	0.00279
   380	0.00279
    12	0.00279
   284	0.00279
   400	0.00279
  1804	0.00279
     3	0.00279
    71	0.00279
   661	0.00279
   125	0.00279
   502	0.00279
   128	0.00279
   401	0.00279
   292	0.00279
    13	0.00279
    50	0.00279
   151	0.00279
    82	0.00279
    40	0.00279
  1137	0.00279
   339	0.00279
   215	0.00279
    91	0.00279
   499	0.00279
   879	0.00279
  1079	0.00279
   508	0.00279
     5	0.00279
  1731	0.00279
   253	0.00279
   203	0.00279
     7	0.00279
   636	0.00279
  2361	0.00279
   507	0.00279
    10	0.00279
   692	0.00279
  1211	0.00279
     2	0.00279
    12	0.00279
   419	0.00279
     6	0.00279
   366	0.00279
    51	0.00279
    35	0.00279
    88	0.00279
     3	0.00279
    52	0.00279
   167	0.00279
   279	0.00279
   440	0.00279
   601	0.00279
   736	0.00279
    52	0.00279
     3	0.00279
   888	0.00279
     3	0.00279
    29	0.00279
   143	0.00279
    28	0.00279
   780	0.00279
   273	0.00279
  2695	0.00279
  4082	0.00279
  1230	0.00279
  1509	0.00279
   220	0.00279
   489	0.00279
  1991	0.00279
  1490	0.00279
     2	0.00279
    25	0.00279
    11	0.00279
   514	0.00279
   113	0.00279
   1495096
   12
