 590
   131	0.00080
    34	0.00080
     2	0.00080
    24	0.00080
   226	0.00080
    39	0.00080
  7003	0.00080
    58	0.00080
   607	0.00080
    51	0.00080
    39	0.00080
   143	0.00080
     2	0.00080
     6	0.00080
     2	0.00080
   230	0.00080
     2	0.00080
   193	0.00080
  2931	0.00080
    18	0.00080
     4	0.00080
     6	0.00080
     3	0.00080
  2636	0.00080
     5	0.00080
     3	0.00080
  1152	0.00080
  1074	0.00080
    63	0.00080
    28	0.00080
  3528	0.00080
    49	0.00080
  6483	0.00080
  3905	0.00080
    15	0.00080
    28	0.00080
     8	0.00080
   479	0.00080
     4	0.00080
   639	0.00080
   634	0.00080
     4	0.00080
    97	0.00051
   500	0.00051
   260	0.00051
 10518	0.00051
     6	0.00051
    56	0.00051
    25	0.00051
    40	0.00051
   724	0.00051
     3	0.00051
   633	0.00051
    11	0.00051
     4	0.00051
    61	0.00051
    52	0.00051
    15	0.00051
    22	0.00051
    46	0.00051
   554	0.00051
    31	0.00051
    17	0.00051
    11	0.00051
   589	0.00051
    33	0.00051
    10	0.00051
    12	0.00051
  2375	0.00051
  1641	0.00051
   366	0.00079
   565	0.00079
   188	0.00079
     5	0.00079
     5	0.00079
     3	0.00079
    19	0.00079
    17	0.00079
    41	0.00079
     2	0.00079
   134	0.00079
   176	0.00079
     2	0.00079
   196	0.00079
   121	0.00079
    35	0.00079
    91	0.00079
    49	0.00079
    10	0.00079
    28	0.00079
     2	0.00079
   339	0.00079
    84	0.00079
    24	0.00079
    55	0.00079
    31	0.00079
     2	0.00079
    45	0.00079
   505	0.00079
    27	0.00079
   240	0.00079
   578	0.00079
  1102	0.00079
     3	0.00079
   541	0.00079
    50	0.00079
     6	0.00079
     5	0.00053
    24	0.00053
   118	0.00053
     9	0.00053
     4	0.00053
     5	0.00053
  1215	0.00053
     2	0.00053
   531	0.00053
     2	0.00053
     4	0.00053
    22	0.00053
   279	0.00053
   743	0.00053
   530	0.00053
   117	0.00053
    27	0.00053
    31	0.00053
     7	0.00053
     6	0.00053
    94	0.00053
   197	0.00053
    49	0.00053
     2	0.00053
    25	0.00053
    23	0.00053
    35	0.00053
     2	0.00060
    40	0.00060
   205	0.00060
    61	0.00060
    77	0.00060
     2	0.00060
   107	0.00060
     9	0.00060
     2	0.00060
    38	0.00060
   177	0.00060
  3131	0.00060
   219	0.00060
   145	0.00060
    75	0.00060
   438	0.00060
   258	0.00060
    15	0.00060
     2	0.00060
   877	0.00060
    38	0.00060
     6	0.00060
   162	0.00060
     2	0.00060
     4	0.00060
     8	0.00060
    11	0.00060
   329	0.00060
   174	0.00060
    14	0.00060
   376	0.00060
     6	0.00060
     4	0.00060
    19	0.00060
    37	0.00060
  1514	0.00060
    38	0.00060
    76	0.00060
   112	0.00060
    22	0.00041
     4	0.00041
   163	0.00041
     5	0.00041
   755	0.00041
  1021	0.00041
   215	0.00041
    63	0.00041
  1233	0.00041
     9	0.00041
   167	0.00041
   206	0.00041
   474	0.00041
    17	0.00041
    49	0.00041
  1411	0.00041
    14	0.00041
   217	0.00041
    15	0.00041
   116	0.00041
    92	0.00041
    40	0.00054
     2	0.00054
    14	0.00054
    27	0.00054
   130	0.00054
   110	0.00054
   532	0.00054
   200	0.00054
   253	0.00054
    10	0.00054
   138	0.00054
    69	0.00054
    62	0.00054
   488	0.00054
   173	0.00054
   370	0.00054
  1931	0.00054
   110	0.00054
     9	0.00054
     6	0.00054
  2550	0.00054
   541	0.00054
   105	0.00054
   220	0.00054
    39	0.00054
   326	0.00066
    23	0.00066
    16	0.00066
    10	0.00066
   265	0.00066
    73	0.00066
   116	0.00066
   481	0.00066
     3	0.00066
   148	0.00066
  1058	0.00066
    26	0.00066
   240	0.00066
   271	0.00066
   467	0.00066
   138	0.00066
     2	0.00066
    51	0.00066
   841	0.00066
    18	0.00066
     2	0.00066
    50	0.00066
    34	0.00066
   273	0.00066
   222	0.00066
   110	0.00066
    42	0.00066
     9	0.00066
    34	0.00066
   620	0.00066
   452	0.00066
   179	0.00066
     6	0.00066
    69	0.00066
   129	0.00066
    79	0.00066
    72	0.00066
    27	0.00066
    10	0.00066
    23	0.00066
     4	0.00066
     2	0.00066
  2318	0.00050
    28	0.00050
    18	0.00050
    11	0.00050
   128	0.00050
     9	0.00050
   190	0.00050
   394	0.00050
   206	0.00050
   427	0.00050
    11	0.00050
    83	0.00050
  1640	0.00050
     3	0.00050
     7	0.00050
    71	0.00050
   126	0.00050
    38	0.00050
    34	0.00050
     4	0.00050
    29	0.00050
     5	0.00050
    73	0.00050
    16	0.00050
     7	0.00050
    11	0.00050
     3	0.00050
    37	0.00050
     6	0.00050
    46	0.00057
    64	0.00057
   407	0.00057
  1641	0.00057
  2424	0.00057
  3584	0.00057
    13	0.00057
   523	0.00057
    16	0.00057
     2	0.00057
    54	0.00057
   558	0.00057
    12	0.00057
   474	0.00057
    70	0.00057
   113	0.00057
    60	0.00057
    17	0.00057
     2	0.00057
  6517	0.00057
   508	0.00057
    10	0.00057
    55	0.00057
   188	0.00057
    12	0.00057
  1840	0.00057
   266	0.00057
    80	0.00057
    74	0.00057
     7	0.00057
    11	0.00057
    59	0.00057
   380	0.00057
  1635	0.00057
   168	0.00101
   704	0.00101
    43	0.00101
   332	0.00101
     2	0.00101
   356	0.00101
   308	0.00101
    10	0.00101
     9	0.00101
     7	0.00101
     2	0.00101
     3	0.00101
     2	0.00101
    58	0.00101
    41	0.00101
   423	0.00101
    94	0.00101
    19	0.00101
    38	0.00101
    74	0.00101
   775	0.00101
   145	0.00101
    39	0.00101
     6	0.00101
     4	0.00101
     5	0.00101
     6	0.00101
  1114	0.00101
     5	0.00101
    67	0.00101
   448	0.00101
   484	0.00101
     7	0.00101
  1389	0.00101
   199	0.00101
   158	0.00101
    29	0.00101
   962	0.00101
    96	0.00101
     4	0.00101
  1297	0.00101
     5	0.00101
     2	0.00101
     4	0.00101
    15	0.00101
     8	0.00101
     6	0.00101
    43	0.00101
   107	0.00101
   328	0.00090
     3	0.00090
   127	0.00090
   407	0.00090
     5	0.00090
   858	0.00090
    99	0.00090
  1746	0.00090
    79	0.00090
   666	0.00090
   554	0.00090
   154	0.00090
   162	0.00090
     2	0.00090
   222	0.00090
   438	0.00090
   100	0.00090
   139	0.00090
    33	0.00090
     2	0.00090
   306	0.00090
   506	0.00090
   380	0.00090
   436	0.00090
    83	0.00090
    47	0.00090
    61	0.00090
    33	0.00090
     8	0.00090
     4	0.00090
   369	0.00090
     2	0.00090
   775	0.00090
   472	0.00090
    23	0.00090
    79	0.00090
    17	0.00090
   245	0.00090
    41	0.00090
  1867	0.00090
   156	0.00090
    11	0.00090
   163	0.00090
     2	0.00090
     4	0.00090
   236	0.00090
    55	0.00194
    70	0.00194
    94	0.00194
   224	0.00194
     5	0.00194
    59	0.00194
     2	0.00194
   131	0.00194
   155	0.00194
     4	0.00194
   210	0.00194
  1307	0.00194
    77	0.00194
     6	0.00194
     2	0.00194
   184	0.00194
   352	0.00194
     2	0.00194
    14	0.00194
    12	0.00194
    27	0.00194
    19	0.00194
   361	0.00194
    10	0.00194
   300	0.00194
     5	0.00194
    14	0.00194
    23	0.00194
    13	0.00194
   457	0.00194
   397	0.00194
   133	0.00194
   296	0.00194
   186	0.00194
     8	0.00194
     2	0.00194
   161	0.00194
   131	0.00194
   419	0.00194
    25	0.00194
     5	0.00194
   106	0.00194
    20	0.00194
     9	0.00194
     5	0.00194
     2	0.00362
    92	0.00362
     3	0.00362
   142	0.00362
   199	0.00362
     6	0.00362
   153	0.00362
    22	0.00362
     5	0.00362
    30	0.00362
   110	0.00362
     7	0.00362
     2	0.00362
   913	0.00362
   126	0.00362
   229	0.00362
   476	0.00362
     9	0.00362
    95	0.00362
    16	0.00362
    41	0.00362
   203	0.00362
   120	0.00362
   150	0.00362
    68	0.00362
   208	0.00362
    10	0.00362
   281	0.00362
   505	0.00362
     5	0.00362
  1302	0.00520
   511	0.00520
    65	0.00520
     2	0.00520
    11	0.00520
   112	0.00520
   107	0.00520
    10	0.00520
   799	0.00520
    16	0.00520
   482	0.00520
    13	0.00520
   430	0.00520
   269	0.00520
    72	0.00520
   221	0.00520
    26	0.00520
    30	0.00520
    16	0.00520
    45	0.00520
  1585	0.00520
    69	0.00520
   101	0.00520
    10	0.00520
   488	0.00520
    99	0.00520
     4	0.00520
    19	0.00520
    13	0.00520
   262	0.00520
    17	0.00520
   520	0.00520
   243	0.00520
   538	0.00520
     3	0.00520
    49	0.00520
  1395	0.00520
   277	0.00520
     9	0.00520
    42	0.00520
   276	0.00909
     8	0.00909
     2	0.00909
   108	0.00909
   324	0.00909
    22	0.00909
    27	0.00909
     2	0.00909
   143	0.00909
   297	0.00909
   179	0.00909
    55	0.00909
    69	0.00909
    49	0.00909
    95	0.00909
     2	0.00909
    12	0.00909
    42	0.00909
     3	0.00509
     7	0.00509
    24	0.00509
     9	0.00509
   564	0.00509
    45	0.00509
     8	0.00509
    32	0.00509
    15	0.00509
    94	0.00509
   480	0.00509
   130	0.00509
    59	0.00509
   114	0.00509
   923	0.00509
     7	0.00509
   151	0.00509
     2	0.00509
    26	0.00509
     7	0.00509
  1493	0.00509
   123	0.00509
     3	0.00509
    18	0.00509
   216	0.00509
    90	0.00509
   689	0.00509
    20	0.00509
   131	0.00509
   175	0.00509
   753	0.00509
    14	0.00509
   126	0.00509
   101	0.00509
   237	0.00509
    55	0.00509
   185	0.00509
     9	0.00509
   4313636
   11
