  65
 25781	0.00006
  9559	0.00006
 48888	0.00012
 42111	0.00012
 11350	0.00012
117081	0.00012
  7874	0.00012
    22	0.00030
  1650	0.00030
    30	0.00030
  3648	0.00030
   120	0.00030
   838	0.00030
   535	0.00030
   189	0.00030
 12865	0.00030
  5556	0.00030
  3869	0.00030
   259	0.00030
 11311	0.00030
    24	0.00032
   332	0.00032
  3535	0.00032
   455	0.00032
    55	0.00032
  7391	0.00032
 41611	0.00032
  4481	0.00032
   779	0.00032
     9	0.00032
     7	0.00032
  4586	0.00032
 21975	0.00032
 11672	0.00032
 22801	0.00046
    19	0.00046
  5458	0.00046
  4545	0.00046
  3195	0.00046
    11	0.00046
     2	0.00046
  1767	0.00046
    61	0.00046
   271	0.00046
  1032	0.00046
    17	0.00046
  3539	0.00046
  1619	0.00021
  8800	0.00021
   487	0.00021
  6249	0.00021
  4111	0.00021
  3322	0.00021
  1392	0.00021
  3965	0.00021
   248	0.00021
  6422	0.00021
     2	0.00021
 11781	0.00021
    52	0.00015
 31883	0.00015
 11758	0.00015
  2327	0.00015
  8240	0.00015
  4231	0.00015
   1768582
   19
