 602
     4	0.01569
   464	0.01569
     7	0.01569
   476	0.01569
   123	0.01569
    14	0.01569
     3	0.01569
     2	0.01569
     9	0.01569
     4	0.01569
    10	0.01569
    12	0.01569
     2	0.01569
     2	0.01569
    25	0.01569
    10	0.01569
     7	0.01569
    46	0.01569
    32	0.01569
    49	0.01569
    43	0.01569
     4	0.01569
     2	0.01569
    41	0.01569
    62	0.01569
    74	0.01569
   127	0.01569
   257	0.01569
    35	0.01569
     2	0.01569
   113	0.01569
  1189	0.01569
   196	0.01569
   428	0.01569
    10	0.01569
    37	0.01569
     3	0.01569
     2	0.01569
    81	0.01569
    41	0.01569
    37	0.01569
   177	0.01569
   301	0.01569
    81	0.01569
   520	0.01569
   497	0.01569
   127	0.01569
    23	0.01569
    10	0.01569
     2	0.01569
  1668	0.01569
    70	0.01569
     2	0.01569
    17	0.01569
   353	0.01569
     2	0.01569
   178	0.01569
   609	0.01569
     2	0.01569
    86	0.01569
   143	0.01569
     9	0.01569
    71	0.01569
   113	0.01569
   392	0.01569
  1987	0.01569
    57	0.01569
    10	0.01569
    41	0.01569
   208	0.01569
     2	0.01569
     3	0.01569
   449	0.01569
     3	0.01569
   462	0.01569
   523	0.01569
    14	0.01569
    71	0.01569
     3	0.01781
     3	0.01781
   192	0.01781
     2	0.01781
    66	0.01781
   179	0.01781
   134	0.01781
     6	0.01781
    48	0.01781
   115	0.01781
     5	0.01781
    10	0.01781
     2	0.01781
    23	0.01781
    18	0.01781
     6	0.01781
  1107	0.01781
    32	0.01781
     3	0.01781
    14	0.01781
   443	0.01781
    16	0.01781
   238	0.01781
     4	0.01781
    20	0.01781
    24	0.01781
   202	0.01781
    12	0.01781
    46	0.01781
  1194	0.01781
    48	0.01781
    31	0.01781
    18	0.01781
    44	0.01781
    10	0.01781
     2	0.01781
     4	0.01781
     5	0.01781
    18	0.01781
   766	0.01781
   684	0.01781
   274	0.01781
     2	0.01781
    35	0.01781
     2	0.01781
   121	0.01781
    40	0.01781
    31	0.01781
   211	0.01781
   121	0.01781
   337	0.01781
   299	0.01781
    41	0.01781
   258	0.01781
    15	0.01781
   265	0.01781
     6	0.01781
   239	0.01781
    44	0.01781
     3	0.01781
    10	0.01781
   255	0.01781
    49	0.01781
    46	0.01781
    12	0.01781
   683	0.01781
    47	0.01781
    88	0.01781
    36	0.01781
     5	0.01781
   130	0.01781
  1188	0.01781
   124	0.01781
    49	0.01781
     2	0.01781
    22	0.01781
    13	0.01781
    49	0.01781
     5	0.01781
     2	0.01781
   626	0.01781
   177	0.01781
    10	0.01781
    22	0.01781
   151	0.01781
     2	0.01781
   373	0.01781
     2	0.01781
    97	0.01781
     6	0.01781
   255	0.01781
   121	0.01781
   270	0.01781
    29	0.01781
    44	0.01781
    40	0.01781
    50	0.01781
   573	0.01781
    85	0.01781
     6	0.01781
     3	0.01781
    22	0.01781
    15	0.01781
    49	0.01781
     2	0.01781
   299	0.01781
   295	0.01781
     5	0.01781
    31	0.01781
    67	0.01781
  1093	0.01781
    29	0.01781
   412	0.01781
   199	0.01781
     2	0.01781
    29	0.01781
    55	0.01781
    44	0.01781
     5	0.01781
     2	0.01781
     2	0.01322
   125	0.01322
    71	0.01322
    23	0.01322
     3	0.01322
    19	0.01322
   151	0.01322
  1756	0.01322
    57	0.01322
     6	0.01322
   128	0.01322
    62	0.01322
    11	0.01322
    75	0.01322
  6574	0.01322
    62	0.01322
    52	0.01322
   459	0.01322
   236	0.01322
   286	0.01322
    23	0.01322
   963	0.01322
    61	0.01322
     7	0.01322
    14	0.01322
    62	0.01322
   135	0.01322
     2	0.01322
   236	0.01322
     6	0.01322
   231	0.01322
  1693	0.01322
   194	0.01322
   308	0.01322
    19	0.01322
  1154	0.01322
  1133	0.01322
   502	0.01322
    57	0.01322
    25	0.01322
    68	0.01322
    10	0.01322
    23	0.01322
   120	0.01322
     4	0.01322
   310	0.01322
   136	0.01322
    84	0.01322
   116	0.01322
    76	0.01322
    42	0.01322
     2	0.01322
   185	0.01322
   430	0.01322
    16	0.01322
     2	0.01322
    11	0.01322
  1756	0.01322
    22	0.01322
    27	0.01322
    16	0.01322
   585	0.01322
    19	0.01322
    16	0.01322
   861	0.01322
    10	0.01322
    29	0.01322
    96	0.01322
    17	0.01322
    53	0.01322
    62	0.01322
    98	0.01322
    75	0.01322
     6	0.01322
    19	0.01322
    44	0.01322
   106	0.01322
    59	0.01322
    80	0.01322
   241	0.01322
   383	0.01322
  5230	0.01322
   140	0.01322
    28	0.01322
  1598	0.01322
    67	0.01322
    17	0.01322
    30	0.01322
    62	0.01322
     2	0.01322
  1488	0.01322
    71	0.01322
  1023	0.01322
     7	0.01322
   947	0.01322
    84	0.01322
    30	0.01322
   113	0.01322
    95	0.00813
    14	0.00813
    31	0.00813
    46	0.00813
    30	0.00813
    66	0.00813
    75	0.00813
   297	0.00813
   855	0.00813
   591	0.00813
   318	0.00813
    14	0.00813
  1385	0.00813
  2471	0.00813
    18	0.00813
    81	0.00813
    35	0.00813
    29	0.00813
    11	0.00813
   306	0.00813
   215	0.00813
  1154	0.00813
    53	0.00813
  1761	0.00813
  1570	0.00813
   499	0.00813
    79	0.00813
   407	0.00813
     3	0.00813
  1655	0.00813
    11	0.00813
   410	0.00813
    49	0.00813
    14	0.00813
  1673	0.00813
    44	0.00813
   181	0.00813
   298	0.00813
   810	0.00813
    11	0.00813
   272	0.00813
   262	0.00813
    83	0.00813
    42	0.00813
   625	0.00813
    58	0.00813
   591	0.00813
    10	0.00813
   154	0.00813
   628	0.00813
    49	0.00813
     7	0.00813
   606	0.00813
   616	0.00813
   999	0.00813
    15	0.00813
     3	0.00813
    23	0.00813
    52	0.00813
    58	0.00813
  1749	0.00813
    65	0.00813
   104	0.00813
    70	0.00813
   392	0.00813
  2611	0.00813
    89	0.00813
  3491	0.00813
  1006	0.00813
  1884	0.00813
    16	0.00813
   112	0.00813
    12	0.00813
   226	0.00813
   836	0.00813
     4	0.00813
   130	0.00813
    41	0.00813
   343	0.00813
   205	0.00813
   574	0.00813
    74	0.00813
    38	0.00813
   207	0.00813
    11	0.00813
     8	0.00813
     8	0.00813
     3	0.00813
     6	0.00813
   131	0.00813
     4	0.00813
    14	0.00813
  1673	0.00813
   685	0.00813
   475	0.00813
   391	0.00813
   597	0.00813
    53	0.00813
    69	0.00813
    10	0.00813
     8	0.00813
   131	0.00813
     7	0.00813
   244	0.00813
   133	0.00813
  1679	0.00813
   105	0.00813
   392	0.00813
    13	0.00813
    32	0.00813
    40	0.00813
   191	0.00813
   226	0.00813
  1282	0.00813
  2241	0.00813
  1916	0.00813
   114	0.00813
    54	0.00813
    14	0.00813
   171	0.00813
    26	0.00813
    70	0.00813
    11	0.00813
    62	0.00813
  1917	0.00813
    57	0.00813
   142	0.00813
   232	0.00813
   742	0.00813
  1331	0.00813
   833	0.00813
    30	0.00813
    13	0.00813
    47	0.00813
   220	0.00813
   652	0.00813
   295	0.00813
    40	0.00813
   360	0.00813
   230	0.00813
    29	0.00813
  1302	0.00813
  2744	0.00813
   702	0.00813
   739	0.00813
     2	0.00813
   777	0.00813
   175	0.00813
    30	0.00813
    46	0.00813
  1718	0.00813
     9	0.00813
     2	0.00813
     3	0.00813
    33	0.00813
   852	0.00813
     9	0.00813
    68	0.00813
   186	0.00813
     9	0.00813
    82	0.00813
   476	0.00813
     3	0.00813
    33	0.00813
   177	0.00813
  1312	0.00813
    27	0.00813
     9	0.00813
  1293	0.00813
    58	0.00813
  3353	0.00813
    72	0.00813
     2	0.00813
     3	0.00813
   310	0.00813
   929	0.00813
    23	0.00813
  3245	0.00813
    19	0.00813
    36	0.00813
  2834	0.00813
    62	0.00813
  1544	0.00813
   112	0.00813
   499	0.01435
   305	0.01435
   170	0.01435
    70	0.01435
    73	0.01435
    12	0.01435
    35	0.01435
   670	0.01435
    28	0.01435
  1571	0.01435
    76	0.01435
    41	0.01435
   312	0.01435
    67	0.01435
   457	0.01435
   729	0.01435
  1128	0.01435
    46	0.01435
    19	0.01435
    80	0.01435
    59	0.01435
   163	0.01435
   939	0.01435
    46	0.01435
     3	0.01435
    19	0.01435
    97	0.01435
     6	0.01435
  2795	0.01435
   393	0.01435
   843	0.01435
   729	0.01435
  2422	0.01435
    32	0.01435
     6	0.01435
    34	0.01435
     2	0.01435
    85	0.01435
    44	0.01435
   127	0.01435
    12	0.01435
   466	0.01435
    69	0.01435
    38	0.01435
  2093	0.01435
   204	0.01435
   264	0.01435
    48	0.01435
    11	0.01435
   139	0.01435
   213	0.01435
    24	0.01435
     3	0.01435
    24	0.01435
    19	0.01435
  3829	0.01435
    35	0.01435
   561	0.01435
  1602	0.01435
   223	0.01435
  1150	0.01435
    28	0.01435
    44	0.01435
  1713	0.01435
    10	0.01435
     2	0.01435
     7	0.01435
    69	0.01435
   261	0.01435
  3156	0.01435
    96	0.01435
   499	0.01435
    35	0.01435
    66	0.01435
   733	0.01435
   643	0.01435
    32	0.01435
    36	0.01435
   186	0.01435
     3	0.01435
   183	0.01435
   474	0.01435
   363	0.01435
     8	0.01435
     7	0.01435
   997	0.01435
  1294	0.01435
    21	0.01435
    72	0.01435
  1196	0.01435
    63	0.01435
   351	0.01435
    24	0.01435
   222	0.01435
     7	0.01435
  2784	0.01435
    55	0.01435
   195	0.01435
    23	0.01435
     7	0.01435
   237	0.01435
   118	0.01435
     2	0.01435
   100	0.01435
    79	0.01435
    89	0.01435
    56	0.01435
    56	0.01435
     2	0.01435
    12	0.01435
  1395	0.01435
    10	0.01435
     5	0.01435
     6	0.01435
    38	0.01435
    72	0.01435
    19	0.01435
    28	0.01435
    28	0.01435
    44	0.01435
    44	0.01435
    17	0.01435
   1208621
   24
