 180
     2	0.00939
  1461	0.00939
   223	0.00939
     2	0.00939
   322	0.00939
    32	0.00939
   743	0.00939
     4	0.00939
     9	0.00939
  1119	0.00939
    58	0.00939
     3	0.00939
    15	0.00939
   220	0.00939
   228	0.00939
     4	0.00939
   651	0.00939
   891	0.00939
    77	0.00939
    21	0.00939
   281	0.00939
    81	0.00939
    13	0.00939
   274	0.00939
    40	0.00939
  8629	0.00939
   406	0.00939
   303	0.00939
    89	0.00939
    12	0.00939
  1154	0.00939
   822	0.00939
     6	0.00939
    17	0.00939
    67	0.00939
    13	0.00939
   533	0.00939
     8	0.01434
     2	0.01434
     4	0.01434
   115	0.01434
  1229	0.01434
   117	0.01434
  1047	0.01434
   169	0.01434
    41	0.01434
   143	0.01434
    84	0.01434
    34	0.01434
   441	0.01434
     6	0.01434
    69	0.01434
    58	0.01434
     6	0.01434
   225	0.01434
    53	0.01434
  1093	0.01434
   240	0.01434
    27	0.01434
   511	0.01434
    30	0.01434
   109	0.01434
   406	0.01434
   131	0.01434
    19	0.01434
    37	0.01434
    49	0.01434
   144	0.01434
    69	0.01434
    92	0.01434
   413	0.01434
   144	0.01434
   427	0.01434
   122	0.01434
  1768	0.01434
   565	0.01434
    31	0.01434
   806	0.01434
   469	0.01434
     6	0.01434
   208	0.01434
    98	0.01434
   457	0.01434
   150	0.01434
    92	0.01434
    45	0.01434
    55	0.01080
   770	0.01080
    12	0.01080
   303	0.01080
    72	0.01080
   135	0.01080
    35	0.01080
    68	0.01080
   116	0.01080
   105	0.01080
   674	0.01080
    64	0.01080
  1103	0.01080
    16	0.01080
   413	0.01080
   299	0.01080
   117	0.01080
     9	0.01080
   197	0.01080
    16	0.01080
   487	0.01080
    41	0.01080
   183	0.01080
   948	0.01080
   199	0.01080
   137	0.01080
   299	0.01080
    13	0.01080
   666	0.01080
   272	0.01080
   164	0.01080
   123	0.01080
    96	0.01080
    15	0.01080
    71	0.01080
    29	0.01080
    17	0.01080
   969	0.01080
    84	0.01080
     9	0.01080
   197	0.01080
   118	0.01080
   366	0.01080
    33	0.01080
   139	0.01080
     8	0.01080
     5	0.01080
   229	0.01080
  4313	0.01080
    52	0.01080
  2778	0.01080
     5	0.01080
   129	0.01080
   118	0.01080
    26	0.01080
   407	0.01080
   102	0.01080
    81	0.01080
   129	0.01080
    22	0.01080
   108	0.01080
    20	0.01080
    79	0.01080
     2	0.01080
   348	0.01080
   159	0.01080
    48	0.01080
   122	0.01080
    63	0.01080
   131	0.01080
    23	0.01080
    32	0.01080
   178	0.01080
    33	0.01080
   164	0.01080
    31	0.01080
    31	0.01080
   120	0.01080
   175	0.01080
   114	0.01080
    24	0.01080
   767	0.01080
  1103	0.01080
     9	0.01080
     6	0.01080
    43	0.01080
    63	0.01080
   290	0.01080
   237	0.01080
     9	0.01080
  1042	0.01080
   474	0.01080
    76	0.01080
    17	0.01080
    876941
   19
