 431
    37	0.00221
     4	0.00221
  1413	0.00221
   546	0.00221
  3027	0.00221
  3194	0.00221
    42	0.00221
    72	0.00221
   358	0.00221
     2	0.00221
  1643	0.00221
   218	0.00221
     7	0.00221
  1011	0.00221
  1263	0.00221
  2025	0.00221
    19	0.00221
    15	0.00221
    70	0.00221
  2734	0.00221
   242	0.00221
  2167	0.00221
   131	0.00221
  2415	0.00221
    24	0.00221
   221	0.00221
   144	0.00221
   217	0.00221
   172	0.00221
     5	0.00221
   283	0.00221
     3	0.00221
    97	0.00221
    11	0.00221
   252	0.00221
   627	0.00221
  2635	0.00221
  3614	0.00221
    21	0.00221
  1300	0.00221
   682	0.00221
  1446	0.00221
   138	0.00221
    25	0.00221
    20	0.00221
    54	0.00221
   679	0.00221
     6	0.00221
  3962	0.00221
  1682	0.00221
     6	0.00221
   217	0.00221
  3308	0.00221
  4742	0.00221
  1444	0.00221
   988	0.00221
  1377	0.00221
    30	0.00221
    31	0.00221
     2	0.00221
   116	0.00221
    17	0.00221
  1923	0.00221
   281	0.00221
   444	0.00221
   244	0.00221
  2887	0.00221
  2752	0.00221
  2180	0.00221
   544	0.00310
    39	0.00310
    39	0.00310
   208	0.00310
   500	0.00310
  1524	0.00310
   438	0.00310
  2534	0.00310
    97	0.00310
   867	0.00310
    42	0.00310
   942	0.00310
  4499	0.00310
   996	0.00310
   947	0.00310
     8	0.00310
  3799	0.00310
     4	0.00310
   281	0.00310
    13	0.00310
   534	0.00310
    50	0.00310
   118	0.00310
   443	0.00310
     2	0.00310
    53	0.00310
   165	0.00310
  1412	0.00310
     4	0.00310
    13	0.00310
     5	0.00310
    10	0.00310
   142	0.00310
    42	0.00310
   681	0.00310
   249	0.00310
     2	0.00310
   245	0.00310
   313	0.00310
  2097	0.00310
   791	0.00310
   846	0.00310
    15	0.00310
   226	0.00310
  6761	0.00310
    45	0.00310
   336	0.00310
   306	0.00310
    14	0.00310
    64	0.00310
   279	0.00310
   352	0.00310
    14	0.00310
  4745	0.00310
   127	0.00310
    13	0.00310
    97	0.00310
  2349	0.00310
  1170	0.00310
  1774	0.00310
    28	0.00310
    31	0.00310
   531	0.00310
   103	0.00310
   163	0.00310
  1264	0.00310
   906	0.00310
    40	0.00310
  1334	0.00310
  1513	0.00310
  1655	0.00310
  3423	0.00310
    92	0.00310
   237	0.00310
    16	0.00310
    61	0.00310
   451	0.00310
    74	0.00310
    43	0.00310
    39	0.00310
   261	0.00310
  1034	0.00310
    37	0.00310
    32	0.00310
   306	0.00310
   665	0.00310
  1012	0.00310
    22	0.00310
   621	0.00310
     3	0.00310
    13	0.00310
   177	0.00310
  1551	0.00310
   230	0.00310
     8	0.00310
    22	0.00310
   421	0.00310
  4045	0.00310
   279	0.00310
    30	0.00310
    24	0.00310
  1302	0.00310
    22	0.00310
   436	0.00310
   909	0.00310
   615	0.00310
   715	0.00310
    25	0.00310
   177	0.00310
   116	0.00310
    61	0.00310
   131	0.00310
   360	0.00310
  3596	0.00310
   299	0.00310
  5456	0.00310
   291	0.00310
   868	0.00310
    24	0.00310
   829	0.00310
    92	0.00310
     2	0.00310
     2	0.00310
   312	0.00310
     8	0.00310
    32	0.00310
    69	0.00310
   315	0.00310
   155	0.00310
    19	0.00310
   294	0.00310
   526	0.00310
  1643	0.00218
   212	0.00218
     4	0.00218
    37	0.00218
   614	0.00218
  1393	0.00218
  1171	0.00218
    49	0.00218
   177	0.00218
  1452	0.00218
  1697	0.00218
    52	0.00218
  6348	0.00218
   397	0.00218
    15	0.00218
  1704	0.00218
    61	0.00218
   655	0.00218
   920	0.00218
  1168	0.00218
  1039	0.00218
   174	0.00218
   428	0.00218
   195	0.00218
  3620	0.00218
  1515	0.00218
     4	0.00218
   354	0.00218
   136	0.00218
   101	0.00218
  1075	0.00218
     4	0.00218
   136	0.00218
   569	0.00218
     3	0.00218
   172	0.00218
   414	0.00218
   944	0.00218
    34	0.00218
   223	0.00218
    45	0.00218
  1099	0.00218
    57	0.00218
    37	0.00218
  4554	0.00218
   182	0.00218
   220	0.00218
   528	0.00218
  1147	0.00218
   676	0.00218
  4052	0.00218
  2644	0.00218
   256	0.00218
   836	0.00218
   472	0.00218
  4193	0.00218
  1724	0.00218
    57	0.00218
   958	0.00218
    73	0.00218
    65	0.00218
    25	0.00218
     5	0.00218
   130	0.00218
    61	0.00218
  2048	0.00218
    41	0.00218
   743	0.00218
   125	0.00218
   528	0.00218
    97	0.00218
  2530	0.00218
  2126	0.00218
   174	0.00218
   121	0.00218
    32	0.00218
    32	0.00218
  1411	0.00218
   308	0.00218
   684	0.00218
   809	0.00312
   187	0.00312
   176	0.00312
    50	0.00312
  2593	0.00312
     4	0.00312
   140	0.00312
     2	0.00312
   238	0.00312
   290	0.00312
   433	0.00312
    93	0.00312
  3351	0.00312
  3138	0.00312
   937	0.00312
  1806	0.00312
  9898	0.00312
  2113	0.00312
     3	0.00312
   205	0.00312
    54	0.00312
 12191	0.00312
     4	0.00312
   563	0.00312
   526	0.00312
   194	0.00312
    71	0.00312
     2	0.00312
  1127	0.00312
     3	0.00312
   752	0.00312
     2	0.00312
    59	0.00312
     7	0.00312
   540	0.00312
     6	0.00312
   880	0.00312
  2715	0.00312
    14	0.00312
  1199	0.00312
    59	0.00312
  2614	0.00312
  8973	0.00312
    12	0.00312
   164	0.00312
    14	0.00312
   200	0.00312
   222	0.00312
  2592	0.00312
  3418	0.00312
    17	0.00312
   100	0.00312
   656	0.00312
    85	0.00312
  2005	0.00312
    50	0.00312
     7	0.00312
    54	0.00312
   194	0.00312
  2709	0.00312
    32	0.00312
    28	0.00312
   187	0.00312
   487	0.00312
   659	0.00312
     5	0.00312
    31	0.00312
  1314	0.00312
     4	0.00312
     5	0.00312
   219	0.00312
  1665	0.00312
    71	0.00312
     7	0.00312
     4	0.00560
   178	0.00560
  3900	0.00560
  2017	0.00560
    61	0.00560
  6357	0.00560
   340	0.00560
    20	0.00560
    32	0.00560
     2	0.00560
    45	0.00560
   145	0.00560
    70	0.00560
     3	0.00560
    63	0.00560
   139	0.00560
    61	0.00560
   259	0.00560
   615	0.00560
  1327	0.00560
    79	0.00560
   340	0.00560
  2041	0.00560
   186	0.00560
     2	0.00560
     2	0.00560
   908	0.00560
   138	0.00560
  3517	0.00560
   148	0.00560
    35	0.00560
   172	0.00560
   977	0.00560
   422	0.00560
   180	0.00560
     2	0.00560
     8	0.00560
    40	0.00560
   161	0.00560
   429	0.00560
   326	0.00560
   632	0.00560
   121	0.00560
   410	0.00560
    25	0.00560
   681	0.00560
    12	0.00560
    36	0.00560
     7	0.00560
    20	0.00560
   100	0.00560
    37	0.00560
    29	0.00560
    82	0.00560
    99	0.00560
   403	0.00560
    45	0.00560
    43	0.00560
    93	0.00560
   172	0.00560
    13	0.00560
  1825	0.00560
   618	0.00560
    13	0.00560
  1825	0.00560
   618	0.00560
   191	0.00560
   280	0.00560
   188	0.00560
    62	0.00560
   286	0.00560
     5	0.00560
    63	0.00560
  1152	0.00560
     3	0.00560
   992	0.00560
   1208621
   23
