 222
 50753	0.00023
  4692	0.00023
     4	0.00023
     3	0.00036
  2477	0.00036
 14149	0.00036
  1314	0.00036
  1826	0.00036
   106	0.00036
 41330	0.00036
 40835	0.00036
   164	0.00036
    19	0.00036
     7	0.00036
  1799	0.00036
   529	0.00036
 13030	0.00036
    44	0.00036
    60	0.00036
  5673	0.00053
   484	0.00053
  4365	0.00053
  7531	0.00053
 19990	0.00053
  9733	0.00053
  2378	0.00053
   648	0.00053
  2198	0.00053
  4764	0.00053
  2595	0.00053
   540	0.00053
    22	0.00053
 12561	0.00053
  2301	0.00053
     5	0.00053
   520	0.00053
  7214	0.00053
   860	0.00053
   318	0.00053
  2179	0.00053
  4004	0.00053
    94	0.00053
   114	0.00053
  5062	0.00053
    98	0.00053
 15167	0.00053
  1110	0.00053
  1259	0.00053
 16684	0.00053
   370	0.00060
    28	0.00060
  1593	0.00060
    37	0.00060
  1348	0.00060
  5424	0.00060
   215	0.00060
  1227	0.00060
   686	0.00060
   522	0.00060
  1548	0.00060
   512	0.00060
   974	0.00060
   512	0.00060
   600	0.00060
  3763	0.00060
   494	0.00060
  1199	0.00060
  1085	0.00060
    14	0.00060
  1555	0.00060
 25550	0.00060
  1150	0.00060
 15639	0.00060
  9511	0.00060
   315	0.00060
   979	0.00060
   250	0.00060
    34	0.00060
  6728	0.00060
  7631	0.00060
  1784	0.00060
  6600	0.00060
  1939	0.00060
  3470	0.00060
   388	0.00087
   392	0.00087
    31	0.00087
   163	0.00087
     2	0.00087
  1081	0.00087
   717	0.00087
  2638	0.00087
   217	0.00087
  1079	0.00087
  2183	0.00087
     2	0.00087
  1124	0.00087
  1555	0.00087
   157	0.00087
     8	0.00087
   207	0.00087
  2084	0.00087
   533	0.00087
    57	0.00087
  2455	0.00087
     3	0.00087
  1481	0.00087
   175	0.00087
    75	0.00087
     3	0.00087
  3190	0.00087
  1787	0.00087
   378	0.00087
     6	0.00087
  2411	0.00087
  1031	0.00087
   707	0.00087
  1005	0.00087
     5	0.00087
   681	0.00087
  2114	0.00087
     2	0.00087
   549	0.00087
  1623	0.00087
  1206	0.00073
  3141	0.00073
   167	0.00073
   412	0.00073
   383	0.00073
   213	0.00073
   280	0.00073
  1014	0.00073
  1510	0.00073
  2197	0.00073
   232	0.00073
   352	0.00073
  3481	0.00073
 14153	0.00073
   101	0.00073
   107	0.00073
  9780	0.00073
   376	0.00073
   225	0.00073
  4750	0.00073
     2	0.00073
    30	0.00073
    71	0.00073
   133	0.00073
   407	0.00073
  1244	0.00073
  2814	0.00073
    18	0.00073
    17	0.00073
   530	0.00073
    65	0.00073
  8136	0.00073
   688	0.00073
  1465	0.00073
   174	0.00073
  9153	0.00073
    89	0.00073
   119	0.00073
    48	0.00073
  3590	0.00073
   190	0.00073
    14	0.00073
  1859	0.00073
   812	0.00073
   297	0.00073
  1440	0.00073
    83	0.00073
  1661	0.00073
  3193	0.00073
    27	0.00073
   306	0.00070
  3449	0.00070
   126	0.00070
    24	0.00070
   116	0.00070
  2621	0.00070
     2	0.00070
   481	0.00070
   833	0.00070
   415	0.00070
    85	0.00070
   106	0.00070
  3254	0.00070
  7948	0.00070
  1739	0.00070
   198	0.00070
    63	0.00070
  2716	0.00070
   836	0.00070
  2525	0.00070
     2	0.00070
  1411	0.00070
  2659	0.00070
  1389	0.00070
   154	0.00070
  5888	0.00070
     2	0.00070
   561	0.00070
  5369	0.00070
     2	0.00070
   987	0.00070
   357	0.00070
   474	0.00070
 19786	0.00070
    88	0.00070
   264	0.00070
  1188	0.00070
   153	0.00070
     9	0.00070
  2162	0.00070
    17	0.00070
  6296	0.00070
     7	0.00070
  3080	0.00070
    78	0.00070
    21	0.00070
    85	0.00070
 25684	0.00070
   1768582
   13
