 155
   166	0.00052
   604	0.00052
    35	0.00052
   198	0.00052
  2389	0.00052
   237	0.00052
   121	0.00052
    30	0.00052
   382	0.00052
     4	0.00052
   741	0.00052
  2396	0.00052
   741	0.00052
  3090	0.00052
    11	0.00052
  6241	0.00052
  1399	0.00052
    36	0.00052
    13	0.00052
  2730	0.00052
   352	0.00052
   559	0.00052
    81	0.00052
    89	0.00088
    10	0.00088
    30	0.00088
    42	0.00088
    21	0.00088
    43	0.00088
     4	0.00088
   109	0.00088
    12	0.00088
    57	0.00088
   377	0.00088
   279	0.00088
    20	0.00088
    35	0.00088
    88	0.00088
  1668	0.00088
    21	0.00088
     2	0.00088
   664	0.00088
    17	0.00088
     2	0.00088
   260	0.00088
   810	0.00088
  2512	0.00088
  1071	0.00088
   298	0.00088
   607	0.00088
   763	0.00088
     4	0.00088
    60	0.00088
    22	0.00088
     2	0.00088
     6	0.00088
     2	0.00088
   107	0.00088
     3	0.00088
    52	0.00088
   286	0.00088
    79	0.00088
   208	0.00088
   260	0.00088
    65	0.00088
    34	0.00088
    33	0.00088
   356	0.00088
    39	0.00088
    31	0.00088
   860	0.00088
   289	0.00088
   218	0.00088
     2	0.00088
  2402	0.00088
   759	0.00088
    11	0.00116
    40	0.00116
   589	0.00116
  4786	0.00116
   149	0.00116
   695	0.00116
   185	0.00116
   709	0.00116
   395	0.00116
  1195	0.00116
     2	0.00116
   639	0.00116
    96	0.00116
     6	0.00116
   452	0.00116
   173	0.00116
  1661	0.00116
   168	0.00116
   167	0.00116
    95	0.00116
  1038	0.00116
   997	0.00116
    11	0.00116
    88	0.00116
  1113	0.00116
    26	0.00116
  2395	0.00116
  1261	0.00116
   794	0.00116
    97	0.00116
  1240	0.00116
    16	0.00116
    77	0.00116
    24	0.00116
  3158	0.00116
    37	0.00116
  1034	0.00116
   150	0.00116
  1297	0.00116
   211	0.00116
  1099	0.00116
    47	0.00116
    36	0.00116
   160	0.00116
   319	0.00116
   208	0.00116
    44	0.00116
   406	0.00116
  1406	0.00116
  1392	0.00116
    12	0.00116
  4005	0.00116
   400	0.00116
    53	0.00116
     2	0.00116
    71	0.00116
    68	0.00116
   199	0.00116
    75	0.00116
     4	0.00116
     8	0.00116
   152	0.00116
   807	0.00116
    69	0.00116
   514	0.00116
  1042	0.00116
  2874	0.00116
  1844	0.00116
  3723	0.00116
   316	0.00116
   303	0.00116
   504	0.00116
   812	0.00116
    16	0.00116
    26	0.00116
  2132	0.00116
     6	0.00116
   753	0.00116
     2	0.00116
    736384
   12
