  59
   771	0.01216
   204	0.01216
   107	0.01216
  1193	0.01216
   569	0.01216
   121	0.01216
   204	0.01216
    42	0.01216
   319	0.01216
   310	0.01216
   133	0.01216
    19	0.01216
   241	0.01216
    28	0.01216
   617	0.01216
   157	0.01216
    76	0.01216
    55	0.01216
    21	0.01216
    90	0.01216
    49	0.01216
    20	0.01216
    11	0.01216
   226	0.01216
   787	0.01216
  1797	0.01216
   623	0.01216
   816	0.01216
     3	0.01216
   369	0.01216
   516	0.01216
    66	0.01216
    50	0.01216
    25	0.01596
   188	0.01596
   195	0.01596
   183	0.01596
   153	0.01596
     2	0.01596
     7	0.01596
    19	0.01596
   100	0.01596
    20	0.01596
     5	0.01596
   115	0.01596
     2	0.01596
   158	0.01596
   175	0.01596
   228	0.01596
    29	0.01596
   352	0.01596
     2	0.01596
    97	0.01596
    42	0.01596
     4	0.01596
   193	0.01596
    46	0.01596
    75	0.01596
   400	0.01596
    823970
   24
