 323
    30	0.00664
    95	0.00664
     6	0.00664
    18	0.00664
   177	0.00664
    30	0.00664
     4	0.00664
  4135	0.00664
  1229	0.00664
   146	0.00664
    35	0.00664
    26	0.00664
    98	0.00664
    89	0.00664
    58	0.00664
   435	0.00664
    39	0.00664
    37	0.00664
     4	0.00664
    61	0.00664
    13	0.00664
     4	0.00664
    82	0.00664
    97	0.00664
    13	0.00664
   313	0.00664
    41	0.00664
     6	0.00664
  1279	0.00664
   946	0.00664
    28	0.00664
   145	0.00664
   184	0.00664
    37	0.00664
    64	0.00664
   426	0.00664
    50	0.00664
     8	0.00664
    43	0.00664
    12	0.00664
   722	0.00664
   299	0.00664
   209	0.00664
    47	0.00664
   619	0.00664
   190	0.00664
     3	0.00664
    38	0.00664
    87	0.00664
   494	0.00664
    14	0.00664
   381	0.00664
   829	0.00664
    84	0.00664
   305	0.00664
   619	0.00664
   974	0.00664
   887	0.00664
     3	0.00664
    79	0.00664
   279	0.00664
    10	0.00664
     6	0.00664
   626	0.00664
   863	0.00664
    48	0.00664
   354	0.00664
   631	0.00664
   410	0.00664
    63	0.00664
    16	0.00664
     4	0.00664
     5	0.00664
   849	0.00664
    90	0.00664
    61	0.00664
    24	0.00664
   663	0.00664
   376	0.00664
   200	0.00664
   388	0.00664
     2	0.00694
    63	0.00694
    61	0.00694
   356	0.00694
    58	0.00694
    20	0.00694
   574	0.00694
    41	0.00694
    26	0.00694
    42	0.00694
   144	0.00694
   601	0.00694
   261	0.00694
    76	0.00694
   193	0.00694
    27	0.00694
    35	0.00694
    80	0.00694
   156	0.00694
   125	0.00694
    35	0.00694
   581	0.00694
   136	0.00694
   225	0.00694
     7	0.00694
    74	0.00694
   601	0.00694
   652	0.00694
    97	0.00694
   432	0.00694
    52	0.00694
     5	0.00694
   325	0.00694
    13	0.00694
   228	0.00694
    73	0.00694
   313	0.00694
   182	0.00694
     4	0.00694
     3	0.00694
    68	0.00694
   136	0.00694
    49	0.00694
   584	0.00694
   188	0.00694
    10	0.00694
   230	0.00694
     2	0.00694
   181	0.00694
   206	0.00694
   113	0.00694
   808	0.00694
  1071	0.00694
    75	0.00694
   201	0.00694
     9	0.00694
   120	0.00694
   621	0.00694
  1309	0.00694
    47	0.00694
    82	0.00694
     8	0.00694
   754	0.00694
    10	0.00694
    48	0.00694
    91	0.00694
    67	0.00694
  1534	0.00694
   219	0.00694
     9	0.00694
    90	0.00694
    48	0.00694
    23	0.00694
    36	0.00694
   601	0.00694
     7	0.00694
     7	0.00694
    90	0.00529
   125	0.00529
    90	0.00529
   103	0.00529
    24	0.00529
   271	0.00529
   250	0.00529
   533	0.00529
    19	0.00529
   410	0.00529
   154	0.00529
    20	0.00529
    85	0.00529
  1088	0.00529
    79	0.00529
   115	0.00529
    69	0.00529
    55	0.00529
   328	0.00529
    20	0.00529
    15	0.00529
   463	0.00529
   156	0.00529
    19	0.00529
     2	0.00529
    12	0.00529
     5	0.00529
   988	0.00529
   316	0.00529
    86	0.00529
   613	0.00529
    35	0.00529
    34	0.00529
    85	0.00529
   110	0.00529
    18	0.00529
    15	0.00529
     3	0.00529
     3	0.00529
    67	0.00529
    14	0.00529
  1984	0.00529
   126	0.00529
    17	0.00529
     4	0.00529
     2	0.00529
  1088	0.00529
   453	0.00529
    59	0.00529
   291	0.00529
  3273	0.00529
   197	0.00529
   692	0.00529
   137	0.00529
   104	0.00529
   826	0.00529
    31	0.00529
    74	0.00529
    30	0.00529
     2	0.00624
    19	0.00624
     4	0.00624
   105	0.00624
   185	0.00624
    67	0.00624
   424	0.00624
     3	0.00624
    39	0.00624
    18	0.00624
    13	0.00624
    40	0.00624
    10	0.00624
    68	0.00624
    16	0.00624
   201	0.00624
     3	0.00624
     2	0.00624
   339	0.00624
    30	0.00624
     3	0.00624
    13	0.00624
    78	0.00624
     6	0.00624
     6	0.00624
    22	0.00624
     2	0.00624
   581	0.00624
    25	0.00624
    44	0.00624
   177	0.00624
   299	0.00624
    94	0.00624
    42	0.00624
     7	0.00624
     8	0.00624
    66	0.00624
   813	0.00624
     4	0.00624
  1372	0.00624
    12	0.00624
   971	0.00624
    97	0.00624
   180	0.00624
    41	0.00624
   143	0.00624
     4	0.00624
     2	0.00624
     5	0.00624
     2	0.00574
   147	0.00574
    25	0.00574
    18	0.00574
   245	0.00574
    78	0.00574
    86	0.00574
     7	0.00574
   484	0.00574
   135	0.00574
     3	0.00574
   192	0.00574
   328	0.00574
     4	0.00574
    23	0.00574
     3	0.00574
     6	0.00574
    11	0.00574
    74	0.00574
   113	0.00574
    23	0.00574
     3	0.00574
    20	0.00574
   151	0.00574
    76	0.00574
   309	0.00574
    31	0.00574
   153	0.00574
     9	0.00574
    12	0.00574
   154	0.00574
    73	0.00574
     2	0.00574
     2	0.00574
     9	0.00574
   247	0.00574
     9	0.00574
    86	0.00574
    13	0.00574
    13	0.00574
    77	0.00574
    46	0.00574
   121	0.00574
    33	0.00574
    77	0.00574
     3	0.00574
     2	0.00574
    67	0.00574
     6	0.00574
   124	0.00574
    28	0.00574
    46	0.00574
     2	0.00574
     3	0.00574
     4	0.00574
   695	0.00574
    78	0.00574
   1495096
   13
