 290
    50	0.00690
   106	0.00690
    40	0.00690
   788	0.00690
     2	0.00690
   698	0.00690
    47	0.00690
   474	0.00690
    97	0.00690
     7	0.00690
    35	0.00690
     5	0.00690
   165	0.00690
    11	0.00690
   199	0.00690
     6	0.00690
     3	0.00690
    30	0.00690
   455	0.00690
   768	0.00690
   229	0.00690
   274	0.00690
     2	0.00690
  1113	0.00690
   684	0.00690
    74	0.00690
   186	0.00690
    16	0.00690
   487	0.00690
   283	0.00690
   145	0.00690
     3	0.00690
    58	0.00690
    10	0.00690
   112	0.00690
   137	0.00690
    82	0.00690
    32	0.00690
    41	0.00690
   485	0.00690
   204	0.00690
   214	0.00690
   268	0.00690
    15	0.00690
     4	0.00690
   526	0.00690
     2	0.00690
   206	0.00690
    48	0.00690
   311	0.00690
   206	0.00690
   107	0.00690
   433	0.00690
  1178	0.00690
    11	0.00690
   286	0.00690
  1666	0.00690
   147	0.00690
    19	0.00690
     4	0.00690
    61	0.00861
     5	0.00861
    28	0.00861
    10	0.00861
    72	0.00861
    38	0.00861
   299	0.00861
   125	0.00861
    40	0.00861
  1354	0.00861
     5	0.00861
   113	0.00861
    42	0.00861
   327	0.00861
    35	0.00861
     5	0.00861
     2	0.00861
   293	0.00861
    19	0.00861
    25	0.00861
     7	0.00861
   117	0.00861
   230	0.00861
   432	0.00861
   158	0.00861
    18	0.00861
    74	0.00861
     2	0.00861
   105	0.00861
   749	0.00861
   402	0.00861
   223	0.00861
    94	0.00861
     2	0.00861
    72	0.00861
   202	0.00861
   314	0.00861
    79	0.00861
    22	0.00861
     7	0.00861
   302	0.00861
   295	0.00861
    47	0.00861
    21	0.00861
    45	0.00861
    67	0.00861
   117	0.00861
    30	0.00861
    50	0.00861
    70	0.00861
     4	0.00861
    15	0.00861
   329	0.00861
   217	0.00861
   185	0.00861
   214	0.00861
   170	0.00861
     7	0.00861
   516	0.00743
   999	0.00743
    12	0.00743
   236	0.00743
   309	0.00743
   111	0.00743
     2	0.00743
   644	0.00743
   410	0.00743
   157	0.00743
   443	0.00743
   160	0.00743
   114	0.00743
   297	0.00743
    32	0.00743
   145	0.00743
    23	0.00743
   118	0.00743
   330	0.00743
   533	0.00743
    47	0.00743
  1079	0.00743
    28	0.00743
     3	0.00743
   785	0.00743
   113	0.00743
   430	0.00743
    25	0.00743
    44	0.00743
    31	0.00743
     9	0.00743
     2	0.00743
    43	0.00743
    51	0.00743
  3327	0.00743
  1415	0.00743
   301	0.00743
   326	0.00743
    96	0.00743
    13	0.00743
   646	0.00743
     8	0.00743
   251	0.00743
   427	0.00743
   164	0.00743
   378	0.00743
     4	0.00609
   682	0.00609
     4	0.00609
    34	0.00609
   524	0.00609
    17	0.00609
    97	0.00609
     3	0.00609
   570	0.00609
     7	0.00609
     7	0.00609
    93	0.00609
   433	0.00609
   163	0.00609
   115	0.00609
   568	0.00609
    32	0.00609
    48	0.00609
     7	0.00609
   130	0.00609
   437	0.00609
    20	0.00609
     3	0.00609
  1176	0.00609
   555	0.00609
    50	0.00609
     5	0.00609
    94	0.00609
   242	0.00609
    63	0.00609
    84	0.00609
    33	0.00609
   376	0.00609
     2	0.00609
   135	0.00609
    10	0.00609
     4	0.00609
    35	0.00609
   325	0.00609
   191	0.00609
   634	0.00609
    78	0.00609
     2	0.00609
    12	0.00609
    63	0.00609
   262	0.00609
   276	0.00609
    12	0.00609
    57	0.00664
     2	0.00664
   635	0.00664
    28	0.00664
   152	0.00664
  1444	0.00664
   446	0.00664
   984	0.00664
   223	0.00664
     7	0.00664
     3	0.00664
   614	0.00664
     3	0.00664
    10	0.00664
     8	0.00664
     6	0.00664
    82	0.00664
   826	0.00664
    31	0.00664
    19	0.00664
    11	0.00664
   650	0.00664
     3	0.00664
   336	0.00664
    22	0.00664
   141	0.00664
     3	0.00664
    15	0.00664
    49	0.00664
     5	0.00664
  1421	0.00664
   137	0.00664
    34	0.00664
     9	0.00664
    12	0.00664
     5	0.00664
     5	0.00664
    84	0.00664
    32	0.00664
     4	0.00664
   395	0.00664
     3	0.00664
   778	0.00664
   207	0.00664
    43	0.00664
     6	0.00664
   339	0.00664
    46	0.00664
   180	0.00664
   516	0.00664
    11	0.00664
     4	0.00664
    70	0.00664
     2	0.00664
   317	0.00664
   513	0.00664
     4	0.00664
   160	0.00664
   119	0.00664
     2	0.00664
     3	0.00664
   473	0.00664
     3	0.00664
   543	0.00664
   982	0.00664
    18	0.00664
    63	0.00664
   645	0.00664
   191	0.00664
   581	0.00664
   200	0.00664
     7	0.00664
   876	0.00664
  2167	0.00664
   834	0.00664
     3	0.00664
    46	0.00664
   500	0.00664
   1495096
   18
