 528
   108	0.00297
     9	0.00297
    13	0.00297
  1379	0.00297
   163	0.00297
   282	0.00297
   695	0.00297
   550	0.00297
   929	0.00297
   290	0.00297
    96	0.00297
  1086	0.00297
   490	0.00297
    14	0.00297
     9	0.00297
    11	0.00297
    56	0.00297
   801	0.00297
   205	0.00297
   427	0.00297
   672	0.00297
    88	0.00297
   730	0.00297
  1205	0.00297
   328	0.00297
   100	0.00297
    77	0.00297
   771	0.00297
  1148	0.00297
  1864	0.00297
   738	0.00297
    16	0.00297
  1140	0.00297
    14	0.00297
    44	0.00297
    88	0.00297
    45	0.00297
     2	0.00297
   574	0.00297
  1939	0.00297
   481	0.00297
   852	0.00297
   957	0.00297
    17	0.00297
    92	0.00297
    65	0.00297
     2	0.00297
    37	0.00297
   797	0.00297
   174	0.00297
  1760	0.00297
   214	0.00297
   349	0.00297
     6	0.00297
   909	0.00297
    86	0.00297
   203	0.00297
    13	0.00297
    81	0.00297
    79	0.00297
    17	0.00297
     4	0.00297
   223	0.00297
    19	0.00297
    40	0.00297
    19	0.00297
   559	0.00297
   932	0.00297
     2	0.00297
   100	0.00297
   376	0.00297
    73	0.00297
   320	0.00297
     4	0.00297
   295	0.00297
   586	0.00297
   401	0.00297
   100	0.00297
   842	0.00297
   486	0.00297
     3	0.00297
  1681	0.00297
    13	0.00297
    83	0.00297
    13	0.00297
    71	0.00297
  1330	0.00297
    90	0.00297
   225	0.00297
    12	0.00297
   213	0.00297
    69	0.00297
    18	0.00297
  1131	0.00297
     2	0.00297
   447	0.00297
    47	0.00297
   124	0.00297
    22	0.00297
    34	0.00297
   174	0.00297
     3	0.00297
   171	0.00297
    67	0.00297
   341	0.00297
   393	0.00297
     2	0.00297
   295	0.00297
   784	0.00297
   178	0.00297
   308	0.00297
  1265	0.00297
   465	0.00297
   834	0.00297
   189	0.00297
    39	0.00297
   806	0.00297
   349	0.00297
    43	0.00297
   147	0.00297
  1170	0.00297
    19	0.00297
   184	0.00297
   970	0.00297
   414	0.00297
   648	0.00297
     5	0.00297
   209	0.00297
     7	0.00297
    64	0.00297
   156	0.00297
   239	0.00297
    12	0.00297
  2511	0.00297
  1342	0.00297
  3365	0.00297
   427	0.00297
    66	0.00297
    65	0.00297
   534	0.00297
   257	0.00297
   650	0.00297
    85	0.00297
   936	0.00297
   225	0.00297
    49	0.00297
     2	0.00297
     9	0.00297
  1203	0.00297
    36	0.00297
   149	0.00297
   399	0.00297
   191	0.00297
    95	0.00297
     6	0.00297
   360	0.00297
    32	0.00297
   208	0.00209
   476	0.00209
   873	0.00209
    29	0.00209
  1110	0.00209
   523	0.00209
  2164	0.00209
   131	0.00209
  1908	0.00209
  1326	0.00209
   541	0.00209
   561	0.00209
  1470	0.00209
    25	0.00209
    21	0.00209
    68	0.00209
  2917	0.00209
  7513	0.00209
   800	0.00209
   530	0.00209
    22	0.00209
   416	0.00209
   215	0.00209
  1032	0.00209
   263	0.00209
    98	0.00209
   399	0.00209
     5	0.00209
     3	0.00209
    18	0.00209
  1710	0.00209
     4	0.00209
   383	0.00209
    13	0.00209
   226	0.00209
    26	0.00209
   987	0.00209
   435	0.00209
   997	0.00209
  2513	0.00209
  1658	0.00209
   408	0.00209
  1376	0.00209
   286	0.00209
   291	0.00209
     4	0.00209
     8	0.00209
   105	0.00209
   231	0.00209
   326	0.00209
   335	0.00209
     5	0.00209
    44	0.00209
    33	0.00209
   641	0.00209
   206	0.00209
    92	0.00209
  2564	0.00209
   189	0.00209
   940	0.00209
   130	0.00209
  7476	0.00209
   154	0.00209
   195	0.00209
  1259	0.00209
   644	0.00209
   904	0.00209
   654	0.00209
   377	0.00209
    65	0.00209
   996	0.00209
   215	0.00209
    98	0.00209
  1153	0.00209
  3944	0.00209
   971	0.00209
   379	0.00209
  2056	0.00209
   654	0.00209
    27	0.00209
     5	0.00209
    10	0.00209
   207	0.00209
     9	0.00209
    69	0.00209
  2196	0.00209
  1070	0.00209
    17	0.00209
   369	0.00209
    77	0.00155
   126	0.00155
  2105	0.00155
    16	0.00155
     2	0.00155
   947	0.00155
   182	0.00155
  1316	0.00155
   489	0.00155
   186	0.00155
    61	0.00155
  2453	0.00155
   503	0.00155
     8	0.00155
   685	0.00155
    30	0.00155
   209	0.00155
   111	0.00155
   571	0.00155
  1021	0.00155
   650	0.00155
  3958	0.00155
   395	0.00155
 10055	0.00155
   290	0.00155
     5	0.00155
     2	0.00155
    24	0.00155
     3	0.00155
   842	0.00155
   387	0.00155
    72	0.00155
   141	0.00155
   187	0.00155
    25	0.00155
  2184	0.00155
    64	0.00155
    21	0.00155
     6	0.00155
   107	0.00155
   717	0.00155
   529	0.00155
   121	0.00155
    37	0.00155
    71	0.00155
   310	0.00155
    66	0.00155
  1678	0.00155
   126	0.00155
   793	0.00155
   128	0.00155
   222	0.00155
    78	0.00155
   431	0.00155
     8	0.00155
  2383	0.00155
   125	0.00155
  1144	0.00155
     7	0.00155
  4260	0.00155
    79	0.00155
    67	0.00155
    55	0.00155
    29	0.00155
   495	0.00155
   374	0.00155
   520	0.00155
   606	0.00155
   207	0.00155
   710	0.00155
    15	0.00155
   150	0.00155
     2	0.00155
     2	0.00155
   158	0.00155
    22	0.00155
    54	0.00155
     3	0.00155
   574	0.00155
   676	0.00155
    19	0.00155
   166	0.00155
    84	0.00155
   770	0.00155
    74	0.00155
   127	0.00155
   190	0.00155
    27	0.00155
  1093	0.00155
   169	0.00155
   558	0.00155
  5291	0.00155
   320	0.00185
   981	0.00185
    84	0.00185
   284	0.00185
   393	0.00185
   248	0.00185
   412	0.00185
   157	0.00185
     6	0.00185
   123	0.00185
    27	0.00185
   841	0.00185
  1137	0.00185
  2704	0.00185
   829	0.00185
   126	0.00185
    39	0.00185
    77	0.00185
   152	0.00185
   203	0.00185
   604	0.00185
  1044	0.00185
   281	0.00185
    18	0.00185
    12	0.00185
    49	0.00185
   389	0.00185
   497	0.00185
   135	0.00185
   482	0.00185
   545	0.00185
    30	0.00185
    45	0.00185
   842	0.00185
   477	0.00185
   808	0.00185
    25	0.00185
   988	0.00185
     5	0.00185
     3	0.00185
    54	0.00185
   688	0.00185
  1161	0.00185
    45	0.00185
   191	0.00185
     4	0.00185
     5	0.00185
   625	0.00185
   657	0.00185
    39	0.00185
   597	0.00185
    25	0.00185
   454	0.00185
   265	0.00185
   506	0.00185
   405	0.00185
  1475	0.00185
   442	0.00185
    72	0.00185
    11	0.00185
    75	0.00185
   756	0.00185
   114	0.00185
     4	0.00185
  1261	0.00185
   611	0.00185
   339	0.00185
    64	0.00185
     7	0.00185
   314	0.00185
   391	0.00185
   498	0.00185
   139	0.00185
   432	0.00185
   141	0.00185
   139	0.00185
    45	0.00185
    72	0.00185
   149	0.00185
  1431	0.00185
     4	0.00185
     3	0.00185
   127	0.00185
   122	0.00185
  1812	0.00185
     5	0.00185
  1122	0.00185
     5	0.00185
   101	0.00185
     2	0.00185
    98	0.00185
  1863	0.00185
    98	0.00185
    82	0.00185
   112	0.00185
   227	0.00185
    90	0.00185
    11	0.00185
   280	0.00185
   625	0.00185
   743	0.00185
   107	0.00185
  1388	0.00185
   868	0.00185
    26	0.00185
    56	0.00185
   223	0.00185
   322	0.00185
    97	0.00185
    14	0.00185
    49	0.00185
   743	0.00185
     7	0.00185
   651	0.00185
     3	0.00185
  1104	0.00185
   156	0.00185
   786	0.00187
   368	0.00187
   501	0.00187
  2425	0.00187
   154	0.00187
  1279	0.00187
  2620	0.00187
   570	0.00187
   414	0.00187
   888	0.00187
   562	0.00187
  4092	0.00187
  3056	0.00187
   508	0.00187
    86	0.00187
  4046	0.00187
   187	0.00187
    16	0.00187
   117	0.00187
     8	0.00187
   391	0.00187
 11524	0.00187
  1166	0.00187
   331	0.00187
    23	0.00187
     2	0.00187
   408	0.00187
    12	0.00187
   308	0.00187
  4729	0.00187
   488	0.00187
   548	0.00187
   815	0.00187
   965	0.00187
    72	0.00187
  1287	0.00187
   688	0.00187
   208	0.00187
   249	0.00187
   264	0.00187
   299	0.00187
  1762	0.00187
  2678	0.00187
  1456	0.00187
 10529	0.00187
   212	0.00187
 33206	0.00187
   825	0.00187
    45	0.00187
    45	0.00187
    75	0.00187
    14	0.00187
   160	0.00187
   348	0.00187
   709	0.00187
   386	0.00187
   257	0.00187
  2581	0.00187
  1096	0.00187
    76	0.00187
  3345	0.00187
  5868	0.00187
  4028	0.00187
   369	0.00187
  1088	0.00187
   918	0.00187
  1566	0.00187
    48	0.00187
   185	0.00187
   106	0.00187
   337	0.00187
   148	0.00187
  8243	0.00187
   1462494
   12
