  46
     2	0.00695
   151	0.00695
    77	0.00695
     8	0.00695
   476	0.00695
   109	0.00695
   798	0.00695
    21	0.00695
   350	0.00695
   357	0.00695
   117	0.00695
   278	0.00695
     7	0.00695
   548	0.00695
   679	0.00695
     3	0.00695
  1423	0.00695
   168	0.00695
    46	0.00695
   510	0.00695
    14	0.00695
   220	0.00695
  1109	0.00695
   100	0.00695
   147	0.00695
    13	0.00695
  1251	0.00695
   120	0.00695
    36	0.00695
   552	0.00695
   120	0.00695
   165	0.00695
   339	0.00695
   109	0.00695
   319	0.00695
   534	0.00695
   507	0.00695
  3626	0.00695
  1480	0.00695
     8	0.00695
   624	0.00695
  3245	0.00695
  3618	0.00695
   344	0.00695
   167	0.00695
    93	0.00695
    259516
   23
