1286
   277	0.00573
   102	0.00573
   143	0.00573
    21	0.00573
    90	0.00573
   168	0.00573
    43	0.00573
   285	0.00573
    52	0.00573
    43	0.00573
    58	0.00573
    40	0.00573
  1137	0.00573
  1360	0.00573
   143	0.00573
   193	0.00573
    21	0.00573
   625	0.00573
   687	0.00573
   106	0.00573
     7	0.00573
    13	0.00573
   110	0.00573
    61	0.00573
    97	0.00573
   978	0.00573
    46	0.00573
     2	0.00573
    23	0.00573
     2	0.00573
     4	0.00573
   561	0.00573
   271	0.00573
     4	0.00573
    16	0.00573
   145	0.00573
   215	0.00573
    62	0.00573
   470	0.00573
   186	0.00573
    47	0.00573
  2160	0.00573
    86	0.00573
   205	0.00573
   414	0.00573
    54	0.00573
    55	0.00573
   324	0.00573
   296	0.00573
    25	0.00573
    30	0.00573
   339	0.00573
     8	0.00573
     3	0.00573
     7	0.00573
   137	0.00573
    20	0.00573
    11	0.00573
     4	0.00573
   655	0.00573
   256	0.00573
    83	0.00573
     6	0.00573
    32	0.00573
     2	0.00573
   103	0.00573
    86	0.00573
   216	0.00573
    13	0.00573
    84	0.00573
   164	0.00573
     4	0.00573
     3	0.00573
  1360	0.00573
   143	0.00573
    56	0.00573
   125	0.00573
   186	0.00573
     3	0.00573
   202	0.00573
   115	0.00573
   880	0.00573
   867	0.00573
    96	0.00573
  1210	0.00573
    26	0.00573
   716	0.00573
   100	0.00573
  1130	0.00573
   185	0.00573
    87	0.00573
   988	0.00573
    37	0.00573
    16	0.00573
   294	0.00573
   389	0.00573
    20	0.00573
     5	0.00573
   151	0.00573
   152	0.00573
    96	0.00573
     8	0.00573
    85	0.00573
     3	0.00573
    11	0.00573
   424	0.00573
   320	0.00573
    52	0.00573
    21	0.00573
    64	0.00573
     6	0.00573
    39	0.00573
   107	0.00573
    88	0.00573
    77	0.00573
    18	0.00573
    58	0.00573
   124	0.00573
     2	0.00573
    26	0.00573
     7	0.00573
     3	0.00573
     4	0.00573
   100	0.00573
   404	0.00573
   377	0.00573
    25	0.00573
     6	0.00573
    11	0.00573
    67	0.00573
     8	0.00573
     5	0.00573
   191	0.00573
    48	0.00573
    40	0.00573
   609	0.00573
   186	0.00573
   269	0.00544
   239	0.00544
    71	0.00544
    33	0.00544
  1701	0.00544
    32	0.00544
    55	0.00544
    98	0.00544
     8	0.00544
   676	0.00544
    14	0.00544
   265	0.00544
    16	0.00544
    64	0.00544
   584	0.00544
     2	0.00544
   367	0.00544
   375	0.00544
   100	0.00544
    27	0.00544
     3	0.00544
    79	0.00544
   237	0.00544
     2	0.00544
    56	0.00544
   289	0.00544
     3	0.00544
     3	0.00544
    79	0.00544
    55	0.00544
     6	0.00544
   143	0.00544
    26	0.00544
   941	0.00544
    49	0.00544
    23	0.00544
   704	0.00544
    49	0.00544
   175	0.00544
    37	0.00544
    16	0.00544
     4	0.00544
    13	0.00544
    64	0.00544
    27	0.00544
   625	0.00544
     8	0.00544
    23	0.00544
    15	0.00544
   138	0.00544
    14	0.00544
    52	0.00544
     2	0.00544
   639	0.00544
    51	0.00544
    38	0.00544
    52	0.00544
    36	0.00544
     7	0.00544
    53	0.00544
   388	0.00544
    10	0.00544
    12	0.00544
   120	0.00544
    59	0.00544
   173	0.00544
  1162	0.00544
    44	0.00544
  1500	0.00544
    40	0.00544
  2318	0.00544
   103	0.00544
   127	0.00544
   278	0.00544
   395	0.00544
   313	0.00544
   122	0.00544
   916	0.00544
   109	0.00544
   235	0.00544
   138	0.00544
   663	0.00544
     3	0.00544
   189	0.00544
    41	0.00544
   306	0.00544
   194	0.00544
    59	0.00544
   122	0.00544
    30	0.00544
   297	0.00544
    75	0.00544
    74	0.00544
    16	0.00544
    15	0.00544
     7	0.00544
  1086	0.00544
    38	0.00544
   348	0.00544
   208	0.00544
   129	0.00544
    56	0.00544
    17	0.00544
  2398	0.00544
   120	0.00544
    64	0.00544
   141	0.00544
   112	0.00544
    26	0.00544
   257	0.00544
     2	0.00544
   600	0.00544
   174	0.00605
    34	0.00605
     6	0.00605
     7	0.00605
     2	0.00605
    67	0.00605
    30	0.00605
    19	0.00605
   166	0.00605
    13	0.00605
   413	0.00605
   111	0.00605
   178	0.00605
    25	0.00605
    13	0.00605
     5	0.00605
    21	0.00605
   392	0.00605
    21	0.00605
   654	0.00605
    97	0.00605
   107	0.00605
    50	0.00605
    21	0.00605
    78	0.00605
   194	0.00605
    48	0.00605
   211	0.00605
     4	0.00605
   111	0.00605
     2	0.00605
    89	0.00605
   166	0.00605
   146	0.00605
    70	0.00605
    33	0.00605
   115	0.00605
   119	0.00605
   413	0.00605
    34	0.00605
    41	0.00605
     6	0.00605
    33	0.00605
   155	0.00605
    39	0.00605
   397	0.00605
   577	0.00605
    25	0.00605
    27	0.00605
    42	0.00605
    62	0.00605
    10	0.00605
   128	0.00605
   136	0.00605
   216	0.00605
    75	0.00605
    20	0.00605
   164	0.00605
    34	0.00605
    67	0.00605
    37	0.00605
   627	0.00605
    44	0.00605
   163	0.00605
   135	0.00605
    44	0.00605
    97	0.00605
     4	0.00605
   101	0.00605
   131	0.00605
    49	0.00605
    38	0.00605
    40	0.00605
   106	0.00605
     2	0.00605
    40	0.00605
    15	0.00605
   174	0.00605
     3	0.00605
   136	0.00605
    15	0.00605
    14	0.00605
    25	0.00605
    16	0.00605
   388	0.00605
    89	0.00605
     5	0.00605
    34	0.00605
     6	0.00605
     5	0.00605
     6	0.00605
   145	0.00605
   385	0.00671
   541	0.00671
   368	0.00671
    55	0.00671
     6	0.00671
   130	0.00671
    28	0.00671
     4	0.00671
   343	0.00671
    45	0.00671
   846	0.00671
   596	0.00671
    43	0.00671
    92	0.00671
    12	0.00671
    33	0.00671
   179	0.00671
     7	0.00671
   214	0.00671
   170	0.00671
     2	0.00671
    51	0.00671
     2	0.00671
    30	0.00671
   110	0.00671
   314	0.00671
   175	0.00671
     2	0.00671
    87	0.00671
   200	0.00671
    66	0.00671
   133	0.00671
    58	0.00671
   272	0.00671
    20	0.00671
    65	0.00671
    12	0.00671
   184	0.00671
   283	0.00671
   814	0.00671
     3	0.00671
    13	0.00671
     5	0.00671
   250	0.00671
    19	0.00671
    56	0.00671
    10	0.00671
   165	0.00671
     4	0.00671
    14	0.00671
   381	0.00671
   232	0.00671
    40	0.00671
    18	0.00671
   256	0.00671
    49	0.00671
     6	0.00671
     9	0.00671
     2	0.00671
    30	0.00671
    47	0.00671
    62	0.00671
    10	0.00671
     5	0.00671
   108	0.00671
    16	0.00671
    21	0.00671
    16	0.00671
    31	0.00671
     9	0.00671
     4	0.00671
     7	0.00671
    18	0.00671
   650	0.00671
    28	0.00671
     4	0.00671
    30	0.00671
    25	0.00671
   475	0.00671
   116	0.00671
     2	0.00671
    49	0.00671
     3	0.00671
    67	0.00671
    55	0.00671
   230	0.00671
    98	0.00671
    28	0.00671
   393	0.00671
     4	0.00671
    77	0.00671
    24	0.00671
    51	0.00671
   242	0.00671
     9	0.00671
     3	0.00671
    11	0.00671
    75	0.00671
   142	0.00671
   102	0.00671
     3	0.00671
   106	0.00671
   180	0.00671
   654	0.00671
   541	0.00671
     6	0.00671
    52	0.00671
    31	0.00671
    26	0.00671
  1467	0.00671
    61	0.00671
    20	0.00671
    72	0.00671
    47	0.00671
   395	0.00671
   294	0.00671
     8	0.00671
    28	0.00671
    42	0.00671
    27	0.00671
     6	0.00671
    11	0.00671
     3	0.00671
    22	0.00671
    58	0.00671
     7	0.00671
    10	0.00671
   238	0.00671
   142	0.00671
   567	0.00671
    40	0.00671
   141	0.00671
     4	0.00671
    17	0.00671
    14	0.00671
   349	0.00671
    27	0.00671
    10	0.00671
    18	0.00671
     4	0.00671
    58	0.00671
     9	0.00671
   393	0.00671
   173	0.00671
    65	0.00639
    41	0.00639
    67	0.00639
    18	0.00639
     3	0.00639
    33	0.00639
     8	0.00639
    23	0.00639
     4	0.00639
     4	0.00639
    61	0.00639
     2	0.00639
   138	0.00639
    26	0.00639
    10	0.00639
    27	0.00639
    19	0.00639
   239	0.00639
     2	0.00639
     7	0.00639
    96	0.00639
    36	0.00639
   103	0.00639
    14	0.00639
     4	0.00639
    19	0.00639
   152	0.00639
     6	0.00639
     3	0.00639
    40	0.00639
    21	0.00639
    26	0.00639
     4	0.00639
   120	0.00639
   101	0.00639
    18	0.00639
     3	0.00639
    35	0.00639
    36	0.00639
   215	0.00639
     3	0.00639
   138	0.00639
   162	0.00639
    73	0.00639
   288	0.00639
   124	0.00639
   301	0.00639
     2	0.00639
    81	0.00639
    45	0.00639
    70	0.00639
     2	0.00639
   132	0.00639
    40	0.00639
   398	0.00639
    17	0.00639
    45	0.00639
   179	0.00639
     5	0.00639
    94	0.00639
    97	0.00639
   212	0.00639
    10	0.00639
    57	0.00639
     2	0.00639
     7	0.00639
   393	0.00639
     2	0.00639
    49	0.00639
   140	0.00639
   168	0.00639
    24	0.00639
   238	0.00639
    70	0.00639
     4	0.00639
    32	0.00639
     2	0.00639
   227	0.00639
   142	0.00639
   408	0.00639
     9	0.00639
    11	0.00639
     2	0.00639
    32	0.00639
    27	0.00639
     8	0.00639
    26	0.00639
    79	0.00639
    35	0.00639
   116	0.00639
    92	0.00639
     8	0.00639
    23	0.00639
     4	0.00639
     5	0.00639
     9	0.00639
    69	0.00639
    64	0.00639
    61	0.00639
   294	0.00639
    49	0.00639
   196	0.00639
   498	0.00639
     4	0.00639
    48	0.00639
     2	0.00639
   109	0.00639
     5	0.00639
     7	0.00639
     4	0.00639
    83	0.00639
    44	0.00639
     6	0.00639
    16	0.00639
    35	0.00639
    22	0.00639
    23	0.00639
   366	0.00639
     9	0.00639
    26	0.00639
    71	0.00639
   112	0.00639
    13	0.00639
    73	0.00639
   252	0.00639
    68	0.00639
     6	0.00639
    15	0.00639
    18	0.00639
    81	0.00495
   286	0.00495
     7	0.00495
    14	0.00495
   147	0.00495
    27	0.00495
    72	0.00495
    11	0.00495
     2	0.00495
     2	0.00495
    76	0.00495
   469	0.00495
   836	0.00495
     8	0.00495
    31	0.00495
   137	0.00495
   426	0.00495
    49	0.00495
   112	0.00495
     9	0.00495
   341	0.00495
    30	0.00495
    18	0.00495
    14	0.00495
   126	0.00495
     3	0.00495
     3	0.00495
    39	0.00495
     2	0.00495
    70	0.00495
     9	0.00495
     4	0.00495
     6	0.00495
    72	0.00495
    10	0.00495
  2000	0.00495
   267	0.00495
     3	0.00495
    79	0.00495
   204	0.00495
    30	0.00495
    92	0.00495
   203	0.00495
   286	0.00495
     3	0.00495
     6	0.00495
   272	0.00495
    16	0.00495
   102	0.00495
     2	0.00495
    49	0.00495
     4	0.00495
   224	0.00495
     4	0.00495
   135	0.00495
   360	0.00495
    37	0.00495
     3	0.00495
   136	0.00495
    61	0.00495
   190	0.00495
     6	0.00495
    60	0.00495
    49	0.00495
   245	0.00495
    12	0.00495
    30	0.00495
   665	0.00495
    40	0.00495
    21	0.00495
    54	0.00495
    41	0.00495
   190	0.00495
    80	0.00495
    37	0.00495
     4	0.00495
   579	0.00495
    14	0.00495
    39	0.00495
     3	0.00495
   253	0.00495
    97	0.00495
    14	0.00495
  1532	0.00495
   773	0.00495
     4	0.00495
     8	0.00495
    31	0.00495
   137	0.00495
   426	0.00495
    14	0.00495
     7	0.00495
     6	0.00495
    22	0.00495
    84	0.00495
    15	0.00495
   176	0.00495
    21	0.00495
    14	0.00495
    25	0.00495
   229	0.00495
   297	0.00495
    37	0.00495
    11	0.00495
   110	0.00495
    52	0.00495
    23	0.00495
   229	0.00495
    26	0.00495
    11	0.00495
    70	0.00495
  4729	0.00495
   993	0.00495
    20	0.00586
  1067	0.00586
   309	0.00586
   410	0.00586
   135	0.00586
    35	0.00586
   241	0.00586
    59	0.00586
   357	0.00586
   135	0.00586
    32	0.00586
    22	0.00586
    40	0.00586
    73	0.00586
    52	0.00586
   162	0.00586
    18	0.00586
   159	0.00586
   830	0.00586
   173	0.00586
   811	0.00586
     2	0.00586
   325	0.00586
   924	0.00586
    28	0.00586
    63	0.00586
  1070	0.00586
     4	0.00586
   651	0.00586
    97	0.00586
    15	0.00586
     8	0.00586
   173	0.00586
   153	0.00586
    32	0.00586
   524	0.00586
    59	0.00586
    31	0.00586
    43	0.00586
     3	0.00586
   115	0.00586
     7	0.00586
     6	0.00586
    93	0.00586
   114	0.00586
    14	0.00586
   129	0.00586
     4	0.00586
   127	0.00586
   107	0.00586
   584	0.00586
   818	0.00586
   448	0.00586
    89	0.00586
    52	0.00586
   247	0.00586
   518	0.00586
   141	0.00586
   361	0.00586
   295	0.00586
   124	0.00586
   126	0.00586
     8	0.00586
     3	0.00586
    96	0.00586
   319	0.00586
   119	0.00586
    73	0.00586
    79	0.00586
   117	0.00586
   103	0.00586
    63	0.00586
   416	0.00586
  1145	0.00586
   323	0.00586
   117	0.00586
   283	0.00586
   524	0.00586
     5	0.00586
   215	0.00586
   257	0.00586
    30	0.00586
    37	0.00586
  1000	0.00586
   188	0.00586
    63	0.00735
     7	0.00735
     8	0.00735
   507	0.00735
     5	0.00735
    46	0.00735
    56	0.00735
   101	0.00735
    48	0.00735
     3	0.00735
   104	0.00735
     2	0.00735
    91	0.00735
  1338	0.00735
  1054	0.00735
    12	0.00735
   138	0.00735
    20	0.00735
    17	0.00735
   347	0.00735
    59	0.00735
   261	0.00735
    11	0.00735
   175	0.00735
     7	0.00735
    59	0.00735
     2	0.00735
   138	0.00735
    16	0.00735
    11	0.00735
    11	0.00735
    15	0.00735
   257	0.00735
    69	0.00735
     4	0.00735
     7	0.00735
    19	0.00735
     6	0.00735
   490	0.00735
    48	0.00735
     4	0.00735
   159	0.00735
   201	0.00735
    62	0.00735
    40	0.00735
   186	0.00735
    85	0.00735
   260	0.00735
    16	0.00735
     2	0.00735
   276	0.00735
    65	0.00735
    40	0.00735
   132	0.00735
    62	0.00735
     7	0.00735
    19	0.00735
   106	0.00735
    83	0.00735
    14	0.00735
    48	0.00735
    56	0.00735
   142	0.00735
     4	0.00735
   109	0.00735
   207	0.00735
   106	0.00735
    17	0.00735
   345	0.00735
    49	0.00735
    36	0.00735
    48	0.00735
     2	0.00735
    10	0.00735
     5	0.00735
   313	0.00735
    91	0.00735
     5	0.00735
    41	0.00735
   170	0.00735
    27	0.00735
     7	0.00735
    84	0.00735
    83	0.00735
   271	0.00788
   211	0.00788
     2	0.00788
    14	0.00788
   545	0.00788
   400	0.00788
   378	0.00788
    71	0.00788
    67	0.00788
   165	0.00788
   319	0.00788
    17	0.00788
    27	0.00788
   367	0.00788
    19	0.00788
    86	0.00788
   514	0.00788
    96	0.00788
   163	0.00788
    17	0.00788
   394	0.00788
    18	0.00788
    80	0.00788
    33	0.00788
     4	0.00788
   195	0.00788
   135	0.00788
    40	0.00788
    16	0.00788
   325	0.00788
    96	0.00788
   132	0.00788
   118	0.00788
    26	0.00788
    37	0.00788
    55	0.00788
   367	0.00788
    71	0.00788
    79	0.00788
   280	0.00788
   657	0.00788
    26	0.00788
    19	0.00788
   568	0.00788
   563	0.00788
    33	0.00788
    19	0.00788
   341	0.00788
    49	0.00788
    55	0.00788
   514	0.00788
   248	0.00788
   102	0.00788
   397	0.00788
     5	0.00745
    18	0.00745
   849	0.00745
   858	0.00745
    58	0.00745
    23	0.00745
   137	0.00745
   196	0.00745
   131	0.00745
    16	0.00745
    16	0.00745
    27	0.00745
    61	0.00745
    10	0.00745
   384	0.00745
     7	0.00745
   341	0.00745
    62	0.00745
    68	0.00745
    79	0.00745
    56	0.00745
   144	0.00745
     8	0.00745
    60	0.00745
   773	0.00745
    31	0.00745
  1062	0.00745
   136	0.00745
    16	0.00745
   435	0.00745
    14	0.00745
    53	0.00745
    41	0.00745
     5	0.00745
   471	0.00745
   196	0.00745
   131	0.00745
   114	0.00745
    10	0.00745
    42	0.00745
     4	0.00745
   267	0.00745
    11	0.00745
    20	0.00745
    15	0.00745
   112	0.00745
    40	0.00745
   131	0.00745
    11	0.00745
    10	0.00745
   512	0.00745
    20	0.00745
    91	0.00745
   149	0.00745
  8234	0.00745
    47	0.00701
   614	0.00701
    92	0.00701
   110	0.00701
   368	0.00701
   221	0.00701
    44	0.00701
    14	0.00701
    14	0.00701
   627	0.00701
    72	0.00701
   262	0.00701
    47	0.00701
    46	0.00701
    16	0.00701
    30	0.00701
    30	0.00701
    42	0.00701
    69	0.00701
   149	0.00701
   119	0.00701
    37	0.00701
    34	0.00701
   112	0.00701
    89	0.00701
     2	0.00701
    77	0.00701
    31	0.00701
   254	0.00701
    82	0.00701
    56	0.00701
    82	0.00701
    16	0.00701
   231	0.00701
    15	0.00701
   181	0.00701
   617	0.00701
     9	0.00701
    12	0.00701
   197	0.00701
    10	0.00701
    36	0.00701
    54	0.00701
    28	0.00701
    72	0.00701
   153	0.00701
   422	0.00701
    82	0.00701
    80	0.00701
    28	0.00701
    19	0.00701
    72	0.00701
     5	0.00701
    15	0.00701
    30	0.00701
    46	0.00701
  1313	0.00701
    37	0.00701
    73	0.00701
    17	0.00701
     3	0.00701
    56	0.00701
    30	0.00701
    54	0.00701
    47	0.00701
    20	0.00701
   117	0.00701
     3	0.00701
    21	0.00701
    27	0.00701
    19	0.00701
    43	0.00701
   481	0.00701
   157	0.00701
   105	0.00701
    28	0.00701
     6	0.00701
    24	0.00701
    13	0.00701
    10	0.00701
    29	0.00701
    19	0.00701
    43	0.00701
    23	0.00701
   117	0.00701
   182	0.00701
   157	0.00701
   131	0.00701
     3	0.00701
    77	0.00701
    20	0.00701
    64	0.00701
    52	0.00701
   107	0.00701
   179	0.00701
    42	0.00701
     7	0.00701
     2	0.00701
    76	0.00701
     6	0.00701
    31	0.00701
    12	0.00701
   435	0.00701
   280	0.00701
   104	0.00701
    47	0.00701
    21	0.00701
   262	0.00701
   375	0.00701
     7	0.00701
    85	0.00701
   317	0.00701
   424	0.00701
    18	0.00701
   271	0.00701
    35	0.00701
    19	0.00701
    28	0.00701
    68	0.00701
   895	0.00701
     3	0.00701
    15	0.00701
   196	0.00701
   325	0.00701
    21	0.00701
    43	0.00701
    16	0.00701
   166	0.00701
  2032	0.00772
    15	0.00772
     4	0.00772
   326	0.00772
   166	0.00772
    15	0.00772
    76	0.00772
    10	0.00772
    17	0.00772
    37	0.00772
   301	0.00772
   442	0.00772
   584	0.00772
   122	0.00772
     4	0.00772
    18	0.00772
   141	0.00772
   593	0.00772
    25	0.00772
    88	0.00772
   288	0.00772
     7	0.00772
     7	0.00772
    32	0.00772
    13	0.00772
   697	0.00772
   531	0.00772
   340	0.00772
   171	0.00772
   228	0.00772
    85	0.00772
    29	0.00772
    42	0.00772
    41	0.00772
    49	0.00772
     7	0.00772
    25	0.00772
    33	0.00772
     5	0.00772
     2	0.00772
   192	0.00772
   255	0.00772
    12	0.00772
    10	0.00772
    56	0.00772
    85	0.00772
     5	0.00772
    38	0.00772
     5	0.00772
  1163	0.00772
    27	0.00772
     2	0.00772
   422	0.00772
   337	0.00772
   153	0.00772
   563	0.00772
   524	0.00772
     6	0.00772
    56	0.00772
   128	0.00772
    93	0.00772
     4	0.00772
    35	0.00772
    10	0.00772
   204	0.00772
   314	0.00772
    13	0.00772
     2	0.00772
   132	0.00772
    24	0.00772
    23	0.00772
   159	0.00772
   156	0.00772
   325	0.00772
   144	0.00772
   201	0.00772
    55	0.00772
   105	0.00772
   319	0.00772
   107	0.00772
    10	0.00772
    50	0.00772
    24	0.00772
   631	0.00772
    16	0.00772
   314	0.00772
   148	0.00772
   845	0.00772
    10	0.00772
     9	0.00772
    24	0.00772
    20	0.00772
   178	0.00772
    10	0.00772
    15	0.00772
    11	0.00772
    11	0.00772
   225	0.00772
   307	0.00772
    73	0.00772
   502	0.00772
    55	0.00772
    26	0.00772
    38	0.00772
  1000	0.00772
   103	0.00772
   285	0.00772
    10	0.00772
   103	0.00772
    67	0.00772
     7	0.00772
     2	0.00772
    83	0.00772
   338	0.00772
    15	0.00772
  1219	0.00772
   144	0.00772
   201	0.00772
    55	0.00772
   105	0.00772
   193	0.00772
   559	0.00772
    81	0.00772
   290	0.00772
     7	0.00772
     4	0.00772
   135	0.00772
    85	0.00772
     4	0.00772
   336	0.00772
     4	0.00772
   133	0.00772
     5	0.00772
   745	0.00772
   302	0.00772
    11	0.00772
    27	0.00772
    11	0.00772
    30	0.00772
     7	0.00772
     2	0.00772
   178	0.00772
     5	0.00772
    53	0.00772
    11	0.00772
    27	0.00772
   237	0.00772
   463	0.00772
    44	0.00772
    30	0.00772
     6	0.00772
   237	0.00772
   358	0.00772
   3314151
   18
