  79
   137	0.01165
   472	0.01165
   384	0.01165
   275	0.01165
   615	0.01165
     7	0.01165
   335	0.01165
    10	0.01165
    14	0.01165
    44	0.01165
   150	0.01165
    62	0.01165
   215	0.01165
    39	0.01165
     2	0.01165
   619	0.01165
  1394	0.01165
   196	0.01165
   481	0.01165
    53	0.01165
    29	0.01165
    67	0.01165
   207	0.01165
   207	0.01165
     6	0.01165
    12	0.01165
    38	0.01165
    26	0.01165
     4	0.01165
   579	0.01165
     2	0.01165
    52	0.01165
   490	0.01165
   139	0.01165
    34	0.01165
   403	0.01165
   113	0.01165
    16	0.01165
   282	0.01326
    38	0.01326
    24	0.01326
   197	0.01326
    10	0.01326
     4	0.01326
    23	0.01326
     2	0.01326
     5	0.01326
    60	0.01326
   153	0.01326
     9	0.01326
    16	0.01326
    73	0.01326
   709	0.01326
   279	0.01326
    42	0.01515
     8	0.01515
   182	0.01515
    27	0.01515
    22	0.01515
    13	0.01515
    31	0.01515
     7	0.01515
     8	0.01515
    73	0.01515
   227	0.01515
   535	0.01515
   177	0.01515
   199	0.01515
    23	0.01515
   200	0.01515
     5	0.01515
    53	0.01515
    13	0.01515
    40	0.01515
   327	0.01515
    31	0.01515
    46	0.01515
   107	0.01515
   519	0.01515
    892056
   17
