 271
     6	0.00772
     3	0.00772
    74	0.00772
    19	0.00772
    46	0.00772
    79	0.00772
    37	0.00772
    85	0.00772
   277	0.00772
    39	0.00772
    24	0.00772
    46	0.00772
     9	0.00772
   171	0.00772
    44	0.00772
     3	0.00772
   324	0.00772
    42	0.00772
   167	0.00772
   132	0.00772
    39	0.00772
    71	0.00772
     8	0.00772
    55	0.00772
    78	0.00772
    46	0.00772
   542	0.00772
    60	0.00772
    12	0.00772
     2	0.00772
    46	0.00772
     7	0.00772
    90	0.00772
   311	0.00772
   312	0.00772
   108	0.00772
    69	0.00772
    37	0.00772
    39	0.00772
    12	0.00772
   227	0.00772
    43	0.00772
     2	0.00772
   256	0.00772
    11	0.00772
    19	0.00772
    88	0.00772
   141	0.00772
   193	0.00772
     8	0.00772
    90	0.00772
    23	0.00772
   612	0.00772
    32	0.00772
   412	0.00772
    80	0.00772
    99	0.00772
   123	0.00772
     4	0.00772
    12	0.00772
   223	0.00772
    55	0.00772
   154	0.00772
     6	0.00772
    25	0.00772
   123	0.00772
  2074	0.00772
    50	0.00772
   254	0.00772
   137	0.00772
   324	0.00772
    23	0.00772
   101	0.00772
    89	0.00772
   251	0.00772
   115	0.00772
   182	0.00772
    72	0.00772
    24	0.00772
     8	0.00772
   386	0.00772
   474	0.00772
   530	0.00772
   369	0.00772
   312	0.00772
     2	0.00772
   685	0.00772
   111	0.00772
     3	0.00772
    58	0.00772
    24	0.00772
    89	0.00772
   280	0.00772
     2	0.00772
     4	0.00772
    78	0.00772
     2	0.00772
   174	0.00772
   155	0.00912
     3	0.00912
     2	0.00912
    36	0.00912
    24	0.00912
    13	0.00912
     4	0.00912
     2	0.00912
   155	0.00912
    67	0.00912
   261	0.00912
    35	0.00912
    18	0.00912
   204	0.00912
     2	0.00912
    24	0.00912
    18	0.00912
   196	0.00912
    27	0.00912
    28	0.00912
    14	0.00912
   128	0.00912
    28	0.00912
   141	0.00912
    11	0.00912
     4	0.00912
    11	0.00912
     2	0.00912
   354	0.00912
   405	0.00912
   156	0.00912
     3	0.00912
     2	0.00912
    36	0.00912
    38	0.00912
    14	0.00912
    55	0.00912
    13	0.00912
   513	0.00912
    37	0.00912
    70	0.00912
    67	0.00912
    71	0.00912
   128	0.00912
    80	0.00912
     4	0.00912
   157	0.00912
   463	0.00912
   339	0.00912
    33	0.00912
    93	0.00912
    19	0.00912
    25	0.00912
    85	0.00912
   303	0.00912
   118	0.00912
    43	0.00912
    19	0.00912
    16	0.00912
    19	0.00912
   470	0.00912
    13	0.00912
    67	0.00912
     3	0.00912
   196	0.00912
     4	0.00912
   630	0.00912
   119	0.00912
    55	0.00912
   218	0.01064
    37	0.01064
   145	0.01064
    16	0.01064
    17	0.01064
     2	0.01064
    23	0.01064
    14	0.01064
     7	0.01064
    42	0.01064
    44	0.01064
    30	0.01064
     4	0.01064
    34	0.01064
    69	0.01064
    15	0.01064
   292	0.01064
   377	0.01064
   533	0.01064
    52	0.01064
   260	0.01064
     3	0.01064
     2	0.01064
    12	0.01064
    16	0.01064
    30	0.01064
    52	0.01064
    23	0.01064
    38	0.01064
   121	0.01064
    12	0.01064
    13	0.01064
   103	0.01064
   106	0.01064
    26	0.01064
    21	0.01064
    43	0.01064
   252	0.01064
     9	0.01064
   721	0.01064
    18	0.01064
   148	0.01064
   272	0.01064
     5	0.01064
    38	0.01064
    97	0.01064
    84	0.01064
   246	0.01064
     3	0.01064
   132	0.01064
  1153	0.01064
     9	0.01064
    34	0.01064
    64	0.01064
    78	0.01064
   631	0.01064
   194	0.01064
    37	0.01064
     6	0.01064
    87	0.01064
    17	0.01064
  1153	0.01064
    36	0.01064
    26	0.01064
    15	0.01064
    79	0.01064
    44	0.01064
    71	0.01064
    10	0.01064
    10	0.01064
    18	0.01064
   158	0.01064
     4	0.01064
   123	0.01064
    28	0.01064
    10	0.01064
   236	0.01064
   241	0.01064
    29	0.01064
    18	0.01064
   158	0.01064
     4	0.01064
   503	0.01064
    29	0.01064
    18	0.01064
    26	0.01064
     2	0.01064
     3	0.01064
     8	0.01064
    15	0.01064
    23	0.01064
   194	0.01064
    37	0.01064
    56	0.01064
    87	0.01064
    24	0.01064
   549	0.01064
    26	0.01064
   218	0.01064
   277	0.01064
    47	0.01064
   146	0.01064
   206	0.01064
    31	0.01064
    892056
   18
