  57
   190	0.00898
    27	0.00898
     4	0.00898
    43	0.00898
   100	0.00898
    22	0.00898
   375	0.00898
   154	0.00898
   384	0.00898
    11	0.00898
   228	0.00898
   426	0.00898
   308	0.00898
   177	0.00898
    19	0.00898
     3	0.00898
   130	0.00898
   659	0.00898
    43	0.00898
   163	0.00898
    26	0.00898
     3	0.00898
   190	0.00898
    18	0.00898
   175	0.00898
   259	0.00898
    12	0.00898
    14	0.00898
    22	0.00898
   248	0.00898
   525	0.00898
   154	0.00898
  1154	0.00898
     3	0.00898
    14	0.00898
     2	0.00898
    18	0.00898
   233	0.00898
   127	0.00898
    94	0.00898
   558	0.00898
     2	0.00898
   575	0.00898
   630	0.00898
   876	0.00898
    78	0.00898
    18	0.00898
    25	0.00898
   772	0.00898
    47	0.00898
    58	0.00898
   188	0.00898
   153	0.00898
   684	0.00898
   395	0.00898
    54	0.00898
   716	0.00898
    259516
   18
