 364
    19	0.00691
     2	0.00691
     6	0.00691
    15	0.00691
   608	0.00691
   291	0.00691
     2	0.00691
     4	0.00691
     2	0.00691
   103	0.00691
    78	0.00691
    17	0.00691
   109	0.00691
   502	0.00691
   211	0.00691
     2	0.00691
   484	0.00691
   831	0.00691
    22	0.00691
    35	0.00691
   255	0.00691
   580	0.00691
    11	0.00691
   452	0.00691
    60	0.00691
    30	0.00691
   134	0.00691
   706	0.00691
   282	0.00691
   615	0.00691
    17	0.00691
   323	0.00691
   112	0.00691
  1844	0.00691
    31	0.00691
    13	0.00691
    54	0.00691
  1170	0.00691
     2	0.00691
    34	0.00691
     3	0.00691
  1543	0.00691
    10	0.00691
   256	0.00691
   313	0.00691
    47	0.00691
   381	0.00691
     6	0.00691
     8	0.00691
    27	0.00691
     3	0.00691
    56	0.00691
   168	0.00691
  1251	0.00691
  1326	0.00691
   265	0.00691
   252	0.00691
    32	0.00691
    38	0.00691
  1730	0.00691
  3932	0.00691
   557	0.00691
   390	0.00691
     2	0.00691
     7	0.00691
   284	0.00691
  1221	0.00691
     9	0.00691
     2	0.00691
    42	0.00691
   243	0.00691
   258	0.00691
     2	0.00691
    10	0.00691
     2	0.00691
    15	0.00691
   170	0.00691
   493	0.00691
   571	0.00691
   126	0.00691
    43	0.00691
    42	0.00691
     3	0.00691
   250	0.00691
     3	0.00691
     4	0.00691
     4	0.00691
    24	0.00691
    21	0.00691
    75	0.00691
   330	0.00691
   359	0.00195
   303	0.00195
   210	0.00195
    11	0.00195
     3	0.00195
   109	0.00195
     6	0.00195
    57	0.00195
  1359	0.00195
   874	0.00195
  1564	0.00195
  2806	0.00195
   109	0.00195
    13	0.00195
     3	0.00195
   649	0.00195
   387	0.00195
   311	0.00195
   498	0.00195
     3	0.00195
  2916	0.00195
     2	0.00195
   124	0.00195
   335	0.00195
     8	0.00195
    69	0.00195
   515	0.00195
  2012	0.00195
    64	0.00195
  1220	0.00195
   471	0.00195
   416	0.00195
   804	0.00195
  1796	0.00195
  3359	0.00195
  1019	0.00195
     4	0.00195
     5	0.00195
  1726	0.00195
   921	0.00195
     4	0.00195
    47	0.00195
  1383	0.00195
   996	0.00195
   116	0.00195
    68	0.00195
   232	0.00195
   197	0.00195
  6365	0.00195
    34	0.00195
  1139	0.00195
  5286	0.00195
   712	0.00195
     6	0.00195
  5079	0.00195
 24143	0.00195
   170	0.00195
   895	0.00195
    26	0.00404
 10578	0.00404
   417	0.00404
     5	0.00404
  2786	0.00404
    24	0.00404
  2644	0.00404
   164	0.00404
    33	0.00404
    31	0.00404
     2	0.00404
     7	0.00404
   627	0.00404
   729	0.00404
   715	0.00404
    10	0.00404
 10891	0.00404
  1033	0.00404
   960	0.00404
 18473	0.00404
     2	0.00404
  1253	0.00404
   268	0.00404
    38	0.00404
    47	0.00404
  5442	0.00404
   182	0.00404
   282	0.00404
   257	0.00404
    26	0.00404
     8	0.00404
    41	0.00404
  1183	0.00404
    13	0.00404
  1907	0.00404
    44	0.00404
  9817	0.00404
  6802	0.00404
  1016	0.00404
   473	0.00404
  9872	0.00404
 40036	0.00404
 18682	0.00404
    23	0.00316
    11	0.00316
  1212	0.00316
   121	0.00316
    35	0.00316
    27	0.00316
   785	0.00316
  1894	0.00316
     4	0.00316
   382	0.00316
    58	0.00316
     5	0.00316
  2756	0.00316
    45	0.00316
  2009	0.00316
    48	0.00316
  2773	0.00316
  6334	0.00316
    87	0.00316
   234	0.00316
   244	0.00316
  1430	0.00316
    51	0.00316
    86	0.00316
    49	0.00316
  1153	0.00316
    12	0.00316
    19	0.00316
  1288	0.00316
    10	0.00316
   470	0.00316
    26	0.00316
     2	0.00316
   147	0.00316
   324	0.00316
  1875	0.00316
   222	0.00316
   240	0.00316
   149	0.00316
    63	0.00316
  2815	0.00316
   629	0.00316
   103	0.00316
    34	0.00316
    53	0.00316
    58	0.00316
  1404	0.00316
  1249	0.00316
    65	0.00316
  1076	0.00316
 12012	0.00316
  1032	0.00316
  1907	0.00316
  4764	0.00316
    21	0.00316
  1360	0.00316
  2765	0.00316
  7217	0.00316
   152	0.00316
  1413	0.00316
   211	0.00316
  4454	0.00316
   236	0.00316
  1006	0.00316
  3362	0.00316
   501	0.00316
  2750	0.00316
    37	0.00316
    19	0.00316
     2	0.00316
    35	0.00316
    39	0.00316
   396	0.00316
  6917	0.00316
    10	0.00316
   464	0.00316
    10	0.00316
    21	0.00316
   187	0.00316
  9070	0.00316
  4639	0.00316
 13792	0.00316
     3	0.00316
  3603	0.00316
   677	0.00316
  6718	0.00316
  3293	0.00316
   641	0.00316
  1982	0.00316
   414	0.00316
  4208	0.00316
  2383	0.00316
 15221	0.00316
 15588	0.00316
   127	0.00316
  5107	0.00057
   378	0.00057
  2072	0.00057
  1766	0.00057
     3	0.00057
   106	0.00057
  3166	0.00057
   359	0.00057
    20	0.00057
  2877	0.00057
     4	0.00057
   932	0.00057
  2974	0.00057
   592	0.00057
   726	0.00057
   147	0.00057
   379	0.00057
     4	0.00057
   488	0.00057
     7	0.00057
 40677	0.00057
   889	0.00057
   137	0.00057
  1087	0.00057
    10	0.00057
  1125	0.00057
   118	0.00057
     5	0.00057
  1176	0.00057
  1491	0.00057
   767	0.00057
  3725	0.00057
    58	0.00057
    10	0.00057
105712	0.00038
  5791	0.00038
  2696	0.00038
 15989	0.00038
     2	0.00038
     3	0.00038
   135	0.00038
   117	0.00038
 34156	0.00038
     4	0.00038
 12087	0.00038
 28229	0.00038
  7678	0.00038
 24977	0.00038
   209	0.00038
    10	0.00038
    18	0.00038
 28770	0.00013
  6238	0.00013
   829	0.00013
  6111	0.00013
 41192	0.00013
 10878	0.00013
 12718	0.00013
 12264	0.00013
   702	0.00013
 34189	0.00013
 55006	0.00013
 17671	0.00013
  1498	0.00013
 59848	0.00033
 10794	0.00033
 21625	0.00033
 11193	0.00033
 17664	0.00033
  2170	0.00033
   369	0.00033
 93699	0.00033
 36903	0.00033
166112	0.00033
 19955	0.00033
     6	0.00033
 57691	0.00033
   2059712
   19
