 169
     4	0.00722
   160	0.00722
   233	0.00722
  3884	0.00722
    14	0.00722
   390	0.00722
   574	0.00722
   529	0.00722
     4	0.00722
    72	0.00722
    25	0.00722
   331	0.00722
    13	0.00722
     7	0.00722
     9	0.00722
     2	0.00722
   704	0.00722
   222	0.00722
   150	0.00722
  1159	0.00722
  1338	0.00722
   828	0.00722
   121	0.00722
   420	0.00722
  1023	0.00314
    67	0.00314
    97	0.00314
     3	0.00314
     4	0.00314
     4	0.00314
   142	0.00314
    30	0.00314
 11944	0.00314
   157	0.00314
    17	0.00314
    45	0.00314
   226	0.00314
     4	0.00314
    15	0.00314
   285	0.00314
   114	0.00314
    20	0.00314
     4	0.00314
   450	0.00314
     7	0.00314
  1735	0.00314
  9402	0.00314
   526	0.00314
  4208	0.00314
  2104	0.00314
   268	0.00314
     2	0.00314
     6	0.00314
    29	0.00314
   749	0.00314
    22	0.00314
  3969	0.00314
     9	0.00314
   127	0.00314
   282	0.00871
    21	0.00871
    38	0.00871
     2	0.00871
   625	0.00871
     7	0.00871
    82	0.01048
    28	0.01048
   268	0.01048
     6	0.01048
   294	0.01048
     5	0.01048
  1451	0.01048
   582	0.01048
    65	0.01048
    79	0.01048
   381	0.01048
    10	0.01048
     8	0.01048
   100	0.01048
    47	0.01048
    42	0.01048
   108	0.01048
   129	0.01048
   133	0.01048
   530	0.01048
     8	0.00159
  4385	0.00159
  1533	0.00159
  1762	0.00159
  1454	0.00159
  1734	0.00159
   316	0.00159
  1349	0.00159
   621	0.00159
    11	0.00159
  6043	0.00159
    31	0.00159
  1059	0.00159
  5660	0.00159
 13352	0.00159
   545	0.00159
     8	0.00159
   332	0.00159
   888	0.00159
     4	0.00159
    23	0.00159
   733	0.00159
    13	0.00159
     4	0.00159
     2	0.00159
  3373	0.00159
  2878	0.00159
   857	0.00159
  4397	0.00159
   790	0.00159
   476	0.00159
  2859	0.00159
   865	0.00159
  1395	0.00159
  2226	0.00159
  1103	0.00159
  3420	0.00159
   954	0.00159
   450	0.00159
   362	0.00159
    49	0.00159
     2	0.00159
   851	0.00159
    73	0.00139
   135	0.00139
  4545	0.00139
  2578	0.00139
  3191	0.00139
 13783	0.00139
   376	0.00139
  1609	0.00139
  7019	0.00139
 22674	0.00139
  2744	0.00139
 37204	0.00139
    10	0.00139
    65	0.00139
    16	0.00139
   145	0.00139
 10118	0.00041
 12848	0.00041
  1617	0.00041
  9310	0.00041
 14604	0.00041
 14689	0.00041
  1938	0.00041
  3672	0.00041
  2168	0.00041
 34579	0.00041
  8520	0.00041
 23280	0.00041
 19774	0.00041
   950	0.00041
 35672	0.00027
 32469	0.00027
 23044	0.00027
  7477	0.00027
   241	0.00027
  5511	0.00027
  4911	0.00027
   120	0.00027
  9614	0.00027
   654	0.00027
 16462	0.00027
   2059712
   17
