 681
    46	0.01060
   597	0.01060
    69	0.01060
   251	0.01060
    31	0.01060
     2	0.01060
    86	0.01060
   474	0.01060
   103	0.01060
   154	0.01060
    97	0.01060
   670	0.01060
  1051	0.01060
    34	0.01060
   860	0.01060
   118	0.01060
   257	0.01060
   133	0.01060
    75	0.01060
   645	0.01060
   278	0.01060
   307	0.01060
   242	0.01060
    98	0.01060
   531	0.01060
   403	0.01060
   393	0.01060
    25	0.01060
  1532	0.01060
   239	0.01060
    10	0.01060
  1438	0.01060
   837	0.01060
   931	0.01060
   212	0.01060
   243	0.01060
  1405	0.01060
    39	0.01060
    17	0.01060
   139	0.01060
     9	0.01060
   962	0.01060
   461	0.01060
    75	0.01060
   655	0.01060
  1225	0.01060
     8	0.01060
    38	0.01060
   860	0.01060
    36	0.01060
  1509	0.01060
   617	0.01060
   312	0.01060
   254	0.01060
   919	0.01060
  1872	0.01060
   146	0.01060
   100	0.01060
   233	0.01060
    24	0.01060
    14	0.01060
  3138	0.01060
    26	0.01060
  2901	0.01060
   160	0.01060
    19	0.01060
   667	0.01060
   196	0.01060
    60	0.01060
   306	0.01060
   107	0.01060
   610	0.01060
   514	0.01060
   109	0.01060
    75	0.01060
   207	0.01060
   453	0.01060
  1285	0.01060
   135	0.01060
   181	0.01060
   389	0.01060
   628	0.01060
   433	0.01060
   154	0.01060
   113	0.01060
    99	0.01060
    95	0.01060
    12	0.01060
    16	0.01060
     9	0.01060
     6	0.01060
  1644	0.01060
   115	0.01060
  1234	0.01060
   103	0.01060
    44	0.01060
   101	0.01060
   142	0.01060
   244	0.01060
   477	0.01060
    23	0.01060
     4	0.01060
    10	0.01060
    44	0.01060
   216	0.01060
   451	0.01060
   229	0.01060
    85	0.01060
   250	0.01060
   114	0.01060
   259	0.01060
   992	0.01060
   330	0.01060
     8	0.01060
   707	0.01060
   580	0.01060
    30	0.01060
   341	0.01060
     4	0.01060
   513	0.01060
   264	0.01060
   235	0.01060
    21	0.01060
   465	0.01060
   744	0.01060
   115	0.01060
   251	0.01060
   153	0.01060
   252	0.01060
    87	0.01060
   135	0.01060
   333	0.01060
     2	0.01060
   277	0.01060
   134	0.01060
   546	0.01060
   123	0.01060
    10	0.01060
    21	0.01060
   330	0.01060
   240	0.01060
   579	0.01060
   393	0.01060
    73	0.01060
   674	0.01060
   175	0.01060
    92	0.01060
   139	0.01060
    65	0.01060
   228	0.01060
    69	0.01060
   159	0.01060
     5	0.01060
    14	0.01060
    27	0.01060
   292	0.01718
   144	0.01718
   280	0.01718
   398	0.01718
   251	0.01718
    72	0.01718
  3090	0.01718
   614	0.01718
    82	0.01718
     2	0.01718
   201	0.01718
   198	0.01718
   263	0.01718
     5	0.01718
    59	0.01718
   549	0.01718
   239	0.01718
    49	0.01718
   249	0.01718
   199	0.01718
   200	0.01718
    55	0.01718
    47	0.01718
    12	0.01718
   142	0.01718
    49	0.01718
    92	0.01718
   110	0.01718
   666	0.01718
   752	0.01718
    35	0.01718
    17	0.01718
   318	0.01718
   527	0.01718
   110	0.01718
    65	0.01718
    71	0.01718
   713	0.01718
   403	0.01718
   402	0.01718
   242	0.01718
    12	0.01718
   180	0.01718
    14	0.01718
    45	0.01718
    28	0.01718
   140	0.01718
   411	0.01718
   147	0.01718
    15	0.01718
     5	0.01718
   842	0.01718
    47	0.01718
    93	0.01718
   125	0.01718
   189	0.01718
   601	0.01718
   806	0.01718
     9	0.01718
    40	0.01718
   274	0.01718
   301	0.01718
    13	0.01718
   932	0.01718
   186	0.01718
   473	0.01718
   719	0.01718
   989	0.01718
   188	0.01718
   191	0.01718
   304	0.01718
    45	0.01718
   217	0.01718
    42	0.01718
   141	0.01718
   228	0.01718
   335	0.01718
    47	0.01718
   100	0.01718
   687	0.01718
   552	0.01718
   241	0.01718
     4	0.01718
    15	0.01718
    74	0.01718
   417	0.01718
   413	0.01718
    37	0.01718
   117	0.01718
   534	0.01718
    43	0.01718
    10	0.01718
   434	0.01718
   396	0.01718
     4	0.01718
   306	0.01718
    36	0.01718
    52	0.01718
   675	0.01718
   226	0.01718
   125	0.01718
  1128	0.01718
    13	0.01718
    81	0.01718
   312	0.01718
   143	0.01718
   102	0.01718
    36	0.01718
     5	0.01718
     8	0.01718
    60	0.01718
   739	0.01718
    63	0.01718
    60	0.01718
   108	0.01718
    85	0.01718
   250	0.01718
   314	0.01718
   388	0.01718
     7	0.01718
   528	0.01718
   139	0.01718
  1172	0.01718
   103	0.01718
   304	0.01718
    48	0.01718
    69	0.01718
   336	0.01718
    61	0.01718
   134	0.01718
    73	0.01718
   155	0.01718
   158	0.01718
   291	0.01718
  1089	0.01718
   327	0.01718
   468	0.01718
    76	0.01718
    16	0.01718
   569	0.01718
   482	0.01718
    53	0.01718
  1095	0.01718
    36	0.01718
   164	0.01718
  1085	0.01718
    46	0.01718
    40	0.01718
    57	0.01718
   281	0.01718
   633	0.01718
   162	0.01718
    34	0.01718
   118	0.01718
    11	0.01718
   154	0.01718
   340	0.01718
   133	0.01718
   548	0.01718
    24	0.01718
   429	0.01718
    81	0.01718
   423	0.01718
    30	0.01718
    12	0.01718
    43	0.01718
   177	0.01718
    62	0.01718
    21	0.01718
    12	0.01718
   157	0.01718
     7	0.01718
    17	0.01718
   141	0.01718
    36	0.01718
   213	0.01718
   390	0.01718
  1156	0.01718
   461	0.01718
   125	0.01718
   189	0.01718
    17	0.01718
    44	0.01718
   109	0.01718
    88	0.01718
    72	0.01718
    23	0.01718
   424	0.01718
   493	0.01718
    97	0.01718
    37	0.01718
    36	0.01718
    86	0.01718
   120	0.01718
   140	0.01718
    79	0.01718
   146	0.01718
   404	0.01718
   132	0.01718
   194	0.01718
    14	0.01718
   155	0.01718
  1020	0.01718
    40	0.01718
    39	0.01718
    77	0.01718
   522	0.01718
    14	0.01718
    38	0.01718
   203	0.01718
   401	0.01718
   127	0.01718
    91	0.01718
   136	0.01718
    20	0.01718
    68	0.01718
    13	0.01718
   244	0.01718
    18	0.01718
    57	0.01718
    62	0.01718
    19	0.01718
   126	0.01718
     4	0.01718
   220	0.01718
    20	0.01718
    70	0.01718
    19	0.01718
    10	0.01718
    39	0.01718
    58	0.01718
    18	0.01718
    27	0.01718
   134	0.01718
   270	0.01718
    58	0.01718
   235	0.01718
    13	0.01718
     5	0.01718
   689	0.01718
   316	0.01718
   203	0.01718
     9	0.01718
   228	0.01718
    97	0.01718
   104	0.01718
    33	0.01718
   130	0.01718
   334	0.01718
   142	0.01718
   220	0.01718
  1302	0.01718
    18	0.01718
    66	0.01718
    76	0.01718
    54	0.01718
   224	0.01718
    16	0.01718
    75	0.01718
  1165	0.01718
    56	0.01718
   114	0.01718
    80	0.01718
    27	0.01718
    69	0.01718
   147	0.01718
   132	0.01718
    16	0.01718
    17	0.01718
    27	0.01718
   140	0.01718
   794	0.01718
   609	0.01718
   106	0.01718
  1377	0.01718
   187	0.01718
   361	0.01718
    82	0.01718
  1299	0.01718
   259	0.01718
     2	0.01718
   155	0.01718
   930	0.01718
    93	0.01718
   606	0.01718
   548	0.01718
  1071	0.01718
    87	0.01718
   580	0.01718
   478	0.01718
   122	0.01718
     3	0.01718
    12	0.01718
    74	0.01718
    16	0.01718
   145	0.01718
    12	0.01718
    24	0.01718
    98	0.01718
   138	0.01718
     4	0.01718
     7	0.01718
   452	0.01718
  1059	0.01718
   135	0.01718
   124	0.01718
     7	0.01718
   467	0.01718
   115	0.01718
    93	0.01718
     8	0.01718
   649	0.01718
    49	0.01718
   146	0.01718
    25	0.01718
   180	0.01718
   355	0.01718
   489	0.01718
   299	0.01718
    19	0.01718
   206	0.01718
   127	0.01718
   193	0.01718
    14	0.01718
   162	0.01718
   157	0.01718
    36	0.01718
   295	0.01718
   121	0.01718
   475	0.01718
    89	0.01718
   394	0.01181
    69	0.01181
   160	0.01181
   287	0.01181
    37	0.01181
    34	0.01181
   427	0.01181
   114	0.01181
   372	0.01181
   147	0.01181
    83	0.01181
   555	0.01181
    32	0.01181
   108	0.01181
   194	0.01181
    83	0.01181
    96	0.01181
   180	0.01181
   167	0.01181
   112	0.01181
    42	0.01181
  1966	0.01181
    13	0.01181
   504	0.01181
   490	0.01181
   163	0.01181
   122	0.01181
   701	0.01181
   268	0.01181
   183	0.01181
   361	0.01181
   422	0.01181
    16	0.01181
    18	0.01181
    79	0.01181
   175	0.01181
     6	0.01181
    37	0.01181
    29	0.01181
    62	0.01181
   608	0.01181
    95	0.01181
   863	0.01181
   247	0.01181
   677	0.01181
   143	0.01181
    41	0.01181
    16	0.01181
     5	0.01181
   138	0.01181
   187	0.01181
     2	0.01181
   534	0.01181
   407	0.01181
    21	0.01181
   324	0.01181
    78	0.01181
    23	0.01181
   392	0.01181
   274	0.01181
   146	0.01181
    12	0.01181
    74	0.01181
   166	0.01181
    85	0.01181
    45	0.01181
    69	0.01181
   183	0.01181
   114	0.01181
     5	0.01181
    91	0.01181
    14	0.01181
    12	0.01181
     2	0.01181
   269	0.01181
   300	0.01181
   308	0.01181
    13	0.01181
     3	0.01181
   179	0.01181
   126	0.01181
   102	0.01181
   127	0.01181
   953	0.01181
   100	0.01181
   143	0.01181
    40	0.01181
    76	0.01181
   398	0.01181
    55	0.01181
   230	0.01181
    92	0.01181
     5	0.01181
   567	0.01181
    76	0.01181
    66	0.01181
   353	0.01181
    18	0.01181
    97	0.01181
   871	0.01181
    50	0.01181
    72	0.01181
   187	0.01181
    76	0.01181
    95	0.01181
     2	0.01181
     3	0.01181
    45	0.01181
   255	0.01181
    14	0.01181
     4	0.01181
   947	0.01181
   105	0.01181
   205	0.01181
    68	0.01181
   250	0.01181
   202	0.01181
    23	0.01181
    44	0.01181
    40	0.01181
   173	0.01181
    39	0.01181
   598	0.01181
   369	0.01181
   734	0.01181
    16	0.01181
    40	0.01181
   126	0.01181
   551	0.01181
   168	0.01181
   341	0.01181
   111	0.01181
    50	0.01181
   313	0.01181
    12	0.01181
   770	0.01181
    11	0.01181
   243	0.01181
   142	0.01181
    37	0.01181
     8	0.01181
     6	0.01181
   122	0.01181
   803	0.01181
   133	0.01181
   433	0.01181
     3	0.01181
   448	0.01181
    98	0.01181
    24	0.01181
    44	0.01181
    64	0.01181
    84	0.01181
   190	0.01181
    19	0.01181
    20	0.01181
    20	0.01181
   113	0.01181
    99	0.01181
    98	0.01181
    22	0.01181
   125	0.01181
    11	0.01181
   435	0.01181
     5	0.01181
    21	0.01181
     5	0.01181
   545	0.01181
   155	0.01181
   549	0.01181
     2	0.01181
     8	0.01181
   314	0.01181
   420	0.01181
   518	0.01181
    99	0.01181
    35	0.01181
    32	0.01181
    37	0.01181
    79	0.01181
   267	0.01181
   278	0.01181
  1638	0.01181
    15	0.01181
  1439	0.01181
   989	0.01181
   113	0.01181
   429	0.01181
   651	0.01181
     3	0.01181
   152	0.01181
   242	0.01181
   559	0.01181
    34	0.01181
   387	0.01181
    876941
   19
