  74
   523	0.01193
     5	0.01193
    73	0.01193
     2	0.01193
    22	0.01193
   582	0.01193
    95	0.01193
   240	0.01193
   758	0.01193
    37	0.01193
   455	0.01193
    24	0.01193
   148	0.01193
     2	0.01193
   207	0.01193
    40	0.01193
   267	0.01193
   138	0.01193
    39	0.01193
     7	0.01193
     9	0.01193
   158	0.01193
  3802	0.01193
   246	0.01193
  1289	0.01193
   540	0.01193
    45	0.01193
    53	0.01193
   292	0.01193
    96	0.01193
   160	0.01193
   239	0.01193
   400	0.01193
   375	0.01193
   288	0.01193
    53	0.01351
    85	0.01351
    28	0.01351
     4	0.01351
   115	0.01351
    34	0.01351
    10	0.01351
    10	0.01351
   536	0.01351
   250	0.01351
   147	0.01351
    26	0.01351
   377	0.01351
    68	0.01351
     7	0.01351
   640	0.01351
     3	0.01351
    62	0.01351
  1168	0.01351
   578	0.01351
    51	0.01351
   256	0.01351
    16	0.01351
     3	0.01351
    17	0.01351
    69	0.01351
   118	0.01351
    34	0.01351
   239	0.01351
   221	0.01351
  1307	0.01351
     2	0.01351
   291	0.01351
     4	0.01351
     4	0.01351
     3	0.01351
     3	0.01351
  1047	0.01351
   413	0.01351
    823970
   18
