 359
    83	0.01387
    80	0.01387
   967	0.01387
   418	0.01387
    10	0.01387
     9	0.01387
   193	0.01387
    47	0.01387
   105	0.01387
    15	0.01387
    52	0.01387
    62	0.01387
    63	0.01387
    69	0.01387
     4	0.01387
   188	0.01387
    40	0.01387
     9	0.01387
    65	0.01387
    90	0.01387
     2	0.01387
    35	0.01387
   103	0.01387
     7	0.01387
    79	0.01387
   105	0.01387
     4	0.01387
    10	0.01387
    96	0.01387
    19	0.01387
     2	0.01387
    87	0.01387
    37	0.01387
   254	0.01387
     4	0.01387
   358	0.01387
    24	0.01387
    47	0.01387
    17	0.01387
   348	0.01387
   134	0.01387
    39	0.01387
    29	0.01387
    96	0.01387
   221	0.01387
     4	0.01387
     2	0.01387
    40	0.01387
   176	0.01387
     4	0.01387
    24	0.01387
   478	0.01387
     2	0.01387
   345	0.01387
    82	0.01387
    15	0.01387
   334	0.01387
    80	0.01387
    55	0.01387
   119	0.01387
   145	0.01387
   531	0.01387
     3	0.01387
    34	0.01387
    10	0.01387
    18	0.01387
     9	0.01387
    12	0.01387
    40	0.01387
    23	0.01387
     2	0.01387
   180	0.01387
   102	0.01387
     7	0.01387
   171	0.01387
    27	0.01387
    25	0.01387
    28	0.01387
    67	0.01387
    19	0.01387
    16	0.01387
   172	0.01387
    12	0.01387
   245	0.01387
    72	0.01387
   181	0.01387
     3	0.01387
   119	0.01387
   276	0.01387
    66	0.01387
   249	0.01387
    46	0.01387
    21	0.01387
    78	0.01387
    45	0.01387
     8	0.01387
  1956	0.01387
   242	0.01387
    19	0.01387
    84	0.01387
    22	0.01387
   172	0.01387
   158	0.01387
   409	0.01387
    27	0.01387
    64	0.01387
   132	0.01387
   202	0.01387
    38	0.01387
    46	0.01387
     5	0.01387
  1318	0.01387
   166	0.01387
   104	0.01387
   106	0.01387
     5	0.01387
    18	0.01387
   841	0.01387
     3	0.01387
    77	0.01387
     7	0.01387
     2	0.01387
  2441	0.01387
   158	0.01387
    22	0.01387
     2	0.01387
   238	0.01387
     4	0.01387
  2924	0.01387
   490	0.01387
     4	0.01387
    10	0.01387
     2	0.01387
     5	0.01387
    69	0.00931
    88	0.00931
     4	0.00931
     4	0.00931
   593	0.00931
    34	0.00931
   309	0.00931
    19	0.00931
   216	0.00931
     8	0.00931
   260	0.00931
    21	0.00931
     3	0.00931
     4	0.00931
    10	0.00931
   647	0.00931
    16	0.00931
    15	0.00931
   400	0.00931
   303	0.00931
   525	0.00931
     4	0.00931
  1722	0.00931
   586	0.00931
    59	0.00931
     5	0.00931
    24	0.00931
    97	0.00931
     6	0.00931
    27	0.00931
   283	0.00931
     5	0.00931
   553	0.00931
     7	0.00931
     7	0.00931
   150	0.00931
    16	0.00931
    40	0.01043
     8	0.01043
    11	0.01043
   162	0.01043
   101	0.01043
   136	0.01043
    13	0.01043
   892	0.01043
    45	0.01043
    31	0.01043
   248	0.01043
    15	0.01043
   915	0.01043
     3	0.01043
    18	0.01043
    66	0.01043
   147	0.01043
   833	0.01043
    25	0.01043
    70	0.01043
     8	0.01043
    24	0.01043
     3	0.01043
     9	0.01043
    17	0.01043
   837	0.01043
   341	0.01043
    12	0.01043
    42	0.01043
    44	0.01043
     2	0.01043
     2	0.01043
    45	0.01043
   227	0.01043
   106	0.01043
     7	0.01043
     9	0.01043
   180	0.01043
   501	0.01043
     4	0.01043
   294	0.01043
  1344	0.01043
   132	0.01043
   100	0.01043
    27	0.01059
     4	0.01059
    38	0.01059
    41	0.01059
    46	0.01059
   257	0.01059
    13	0.01059
   582	0.01059
   241	0.01059
    17	0.01059
    14	0.01059
     2	0.01059
    13	0.01059
    19	0.01059
    53	0.01059
     6	0.01059
   139	0.01059
     6	0.01059
     5	0.01059
   287	0.01059
     5	0.01059
   244	0.01059
    43	0.01059
   889	0.01059
    42	0.01059
     4	0.01059
   142	0.01059
    29	0.01059
     7	0.01059
     2	0.01059
     3	0.01059
     2	0.01059
    31	0.01059
     6	0.01059
     2	0.01059
    41	0.01059
   425	0.01059
   122	0.01059
    68	0.01059
     3	0.01059
     3	0.01059
   362	0.01059
    26	0.01059
   276	0.01059
    35	0.01059
    37	0.01059
     5	0.01059
   688	0.01059
    22	0.01059
    27	0.01059
    11	0.01059
   319	0.01059
   681	0.01059
   224	0.01059
    34	0.01059
   170	0.01059
   538	0.01059
     3	0.01059
   173	0.01059
    11	0.01059
   641	0.01059
     7	0.01059
    10	0.01059
     9	0.01059
    47	0.01059
     7	0.01059
   192	0.01059
    67	0.01059
  1213	0.01059
    44	0.01836
     5	0.01836
    85	0.01836
    86	0.01836
   898	0.01836
   309	0.01836
     4	0.01836
     6	0.01836
    34	0.01836
    73	0.01836
     5	0.01836
    37	0.01836
    54	0.01836
    36	0.01836
    61	0.01836
    82	0.01836
    23	0.01836
    59	0.01836
     3	0.01836
  1638	0.01836
   193	0.01836
  1095	0.01836
   258	0.01836
   285	0.01836
    34	0.01836
    14	0.01836
   201	0.01836
    44	0.01836
    48	0.01836
     2	0.01836
     4	0.01836
     5	0.01836
   117	0.01836
   164	0.01836
     4	0.01836
   360	0.01836
   291	0.01836
   386	0.01836
     2	0.01836
    14	0.01836
   103	0.01836
    19	0.01836
    89	0.01836
     6	0.01836
     3	0.01836
   391	0.01836
    14	0.01836
   173	0.01836
    17	0.01836
    81	0.01836
    28	0.01836
    79	0.01836
    30	0.01836
    86	0.01836
    26	0.01836
     8	0.01836
    77	0.01836
    52	0.01836
    10	0.01836
    19	0.01836
     2	0.01836
    32	0.01836
     7	0.01836
    73	0.01836
    21	0.01836
     2	0.01836
    58	0.01836
     6	0.01836
     2	0.01836
   132	0.01836
    29	0.01836
    17	0.01836
    81	0.01836
    86	0.01836
   158	0.01836
   1462494
   24
