1888
   188	0.00134
   605	0.00134
   260	0.00134
  1232	0.00134
   297	0.00134
     2	0.00134
    11	0.00134
   729	0.00134
  5011	0.00134
    22	0.00134
    11	0.00134
    13	0.00134
   184	0.00134
   447	0.00134
    30	0.00134
     2	0.00134
   209	0.00134
   105	0.00134
    30	0.00134
     9	0.00134
  1217	0.00134
    16	0.00134
    12	0.00134
    37	0.00134
    12	0.00134
   222	0.00134
   488	0.00134
     2	0.00134
  1739	0.00134
   227	0.00134
  2377	0.00134
  1833	0.00134
   103	0.00134
   987	0.00134
  4575	0.00134
    51	0.00134
    87	0.00134
     3	0.00134
     5	0.00134
     7	0.00134
    18	0.00134
  1142	0.00134
   175	0.00134
    33	0.00134
    66	0.00134
     6	0.00134
   316	0.00134
    63	0.00134
   114	0.00134
     7	0.00134
     3	0.00134
     2	0.00134
   152	0.00134
     4	0.00134
   148	0.00134
   494	0.00134
    20	0.00134
    83	0.00134
  1565	0.00134
    12	0.00134
   308	0.00134
    39	0.00134
    22	0.00134
   121	0.00134
    19	0.00134
    21	0.00134
   104	0.00134
   232	0.00134
     3	0.00134
     3	0.00134
   205	0.00134
    63	0.00134
    21	0.00134
    13	0.00134
    48	0.00134
    18	0.00134
   351	0.00134
   880	0.00134
   368	0.00134
     2	0.00134
     9	0.00110
     3	0.00110
   458	0.00110
  8405	0.00110
 11191	0.00110
    21	0.00110
   306	0.00110
   110	0.00110
   107	0.00110
    10	0.00110
   136	0.00110
    91	0.00110
   247	0.00110
   231	0.00110
    69	0.00110
   418	0.00110
     2	0.00110
     5	0.00110
  1327	0.00110
     7	0.00110
    73	0.00110
  1840	0.00110
  3031	0.00110
   180	0.00110
  1184	0.00110
   422	0.00110
     2	0.00110
  1338	0.00110
    76	0.00110
  1128	0.00110
   132	0.00110
   316	0.00110
  1471	0.00110
   142	0.00110
  1393	0.00110
     5	0.00110
    22	0.00110
    20	0.00110
   542	0.00110
   303	0.00110
   705	0.00110
   196	0.00110
  3770	0.00110
    14	0.00110
     3	0.00110
    34	0.00110
    17	0.00110
  1112	0.00110
   117	0.00110
   107	0.00110
     7	0.00110
   907	0.00110
     2	0.00110
    48	0.00110
   117	0.00110
     4	0.00110
   305	0.00110
    33	0.00110
  1145	0.00110
   669	0.00110
     6	0.00110
    15	0.00110
     7	0.00110
  2261	0.00110
   528	0.00110
  3539	0.00110
    36	0.00110
    32	0.00110
   700	0.00110
  2149	0.00110
     5	0.00146
    45	0.00146
    27	0.00146
    48	0.00146
     2	0.00146
    18	0.00146
    56	0.00146
     2	0.00146
    16	0.00146
   525	0.00146
    71	0.00146
    21	0.00146
   240	0.00146
   519	0.00146
     2	0.00146
     7	0.00146
   449	0.00146
   149	0.00146
   567	0.00146
   753	0.00146
    67	0.00146
    79	0.00146
   723	0.00146
    32	0.00146
     7	0.00146
    32	0.00146
   120	0.00146
   100	0.00146
     8	0.00146
   846	0.00146
   129	0.00146
    11	0.00146
    20	0.00146
    10	0.00146
   311	0.00146
   455	0.00146
   233	0.00146
    19	0.00146
   328	0.00146
   603	0.00146
    12	0.00146
    66	0.00146
     2	0.00146
   710	0.00146
    32	0.00146
   114	0.00146
     2	0.00146
    52	0.00146
   281	0.00146
   574	0.00146
    18	0.00146
   654	0.00146
     7	0.00146
   831	0.00146
    54	0.00146
     5	0.00146
     3	0.00146
    62	0.00146
  1449	0.00146
   611	0.00146
    26	0.00146
    54	0.00146
     3	0.00146
    56	0.00146
    16	0.00146
   453	0.00146
   145	0.00146
     5	0.00146
     2	0.00146
    29	0.00146
   880	0.00146
   151	0.00146
   278	0.00146
   550	0.00146
   386	0.00146
   124	0.00146
     2	0.00146
   151	0.00146
    89	0.00146
   241	0.00114
     5	0.00114
     6	0.00114
   803	0.00114
   282	0.00114
  1007	0.00114
   869	0.00114
   527	0.00114
   448	0.00114
    22	0.00114
     3	0.00114
  1201	0.00114
  2138	0.00114
   355	0.00114
  2224	0.00114
   204	0.00114
   805	0.00114
    86	0.00114
     6	0.00114
    13	0.00114
    81	0.00114
    26	0.00114
     2	0.00114
   197	0.00114
   420	0.00114
   238	0.00114
    25	0.00114
  1483	0.00114
    73	0.00114
    69	0.00114
   686	0.00114
    27	0.00114
  1851	0.00114
  1029	0.00114
     3	0.00114
    18	0.00114
    19	0.00114
   187	0.00114
   710	0.00114
    22	0.00114
    56	0.00114
    64	0.00114
     3	0.00114
   406	0.00114
   116	0.00114
   884	0.00114
   167	0.00114
   102	0.00114
   748	0.00114
   250	0.00114
    56	0.00114
  1028	0.00114
   142	0.00114
   592	0.00114
   597	0.00114
    65	0.00114
   464	0.00114
     2	0.00114
   591	0.00114
  1205	0.00114
     4	0.00114
  1973	0.00114
   302	0.00114
   618	0.00114
   549	0.00114
   293	0.00114
     7	0.00114
   113	0.00114
     5	0.00114
  1340	0.00114
     7	0.00114
     7	0.00114
  1543	0.00114
   208	0.00114
   548	0.00114
   201	0.00114
  1344	0.00114
     5	0.00114
    88	0.00114
  1064	0.00114
    42	0.00114
    18	0.00114
    25	0.00114
   241	0.00132
   627	0.00132
   141	0.00132
    24	0.00132
   307	0.00132
     3	0.00132
    38	0.00132
    83	0.00132
   341	0.00132
    67	0.00132
   729	0.00132
    39	0.00132
    71	0.00132
    49	0.00132
   678	0.00132
    16	0.00132
    58	0.00132
     2	0.00132
  6662	0.00132
     4	0.00132
   540	0.00132
     4	0.00132
    42	0.00132
   953	0.00132
     5	0.00132
    76	0.00132
  1494	0.00132
    36	0.00132
   394	0.00132
   673	0.00132
  1651	0.00132
     2	0.00132
     2	0.00132
     2	0.00132
     2	0.00132
   306	0.00132
   445	0.00132
    21	0.00132
    93	0.00132
     4	0.00132
     3	0.00132
   468	0.00132
     3	0.00132
   898	0.00132
   271	0.00132
   278	0.00132
   130	0.00132
    17	0.00132
     4	0.00132
     2	0.00132
   336	0.00132
   184	0.00132
   235	0.00132
   330	0.00132
    18	0.00132
   192	0.00132
    22	0.00132
   573	0.00132
    76	0.00132
    13	0.00132
     6	0.00132
    36	0.00132
     3	0.00132
  2839	0.00132
    52	0.00132
   226	0.00132
    16	0.00132
   376	0.00132
     4	0.00132
    56	0.00132
    10	0.00132
     5	0.00132
   463	0.00132
   513	0.00132
    14	0.00132
    28	0.00132
   335	0.00132
   326	0.00132
   172	0.00109
  2705	0.00109
  1583	0.00109
   474	0.00109
     8	0.00109
    31	0.00109
   603	0.00109
   689	0.00109
   385	0.00109
     7	0.00109
  4265	0.00109
   794	0.00109
  1609	0.00109
   560	0.00109
     2	0.00109
   442	0.00109
   400	0.00109
   723	0.00109
    85	0.00109
  1613	0.00109
  2400	0.00109
   597	0.00109
   224	0.00109
    10	0.00109
   331	0.00109
   889	0.00109
   628	0.00109
  2570	0.00109
  2217	0.00109
   296	0.00109
  4080	0.00109
   750	0.00109
   281	0.00109
    29	0.00109
    44	0.00109
   757	0.00109
    36	0.00109
   810	0.00109
   127	0.00109
  2853	0.00109
   168	0.00109
   619	0.00109
   153	0.00109
   338	0.00109
  2039	0.00109
   118	0.00109
    76	0.00109
   534	0.00109
   677	0.00109
    38	0.00109
   103	0.00109
   256	0.00109
   793	0.00109
  1663	0.00109
   304	0.00109
     7	0.00109
   962	0.00109
  1773	0.00109
   510	0.00109
    16	0.00109
    25	0.00109
   771	0.00109
  1732	0.00109
    11	0.00109
  2776	0.00109
   547	0.00109
    14	0.00109
  2458	0.00109
   101	0.00109
    14	0.00109
   356	0.00109
    38	0.00109
    31	0.00109
    18	0.00109
   696	0.00109
   148	0.00109
  1348	0.00109
   460	0.00109
   755	0.00109
     8	0.00109
     5	0.00109
   134	0.00109
    28	0.00109
    77	0.00109
  1228	0.00128
  1382	0.00128
     5	0.00128
    16	0.00128
   519	0.00128
  1668	0.00128
    99	0.00128
  1403	0.00128
  5325	0.00128
  8310	0.00128
   719	0.00128
  3291	0.00128
 15078	0.00128
   228	0.00128
  9047	0.00128
    24	0.00128
   194	0.00128
   986	0.00128
   191	0.00128
    22	0.00128
     5	0.00128
   105	0.00128
    44	0.00128
   279	0.00128
     9	0.00128
   305	0.00128
   233	0.00128
   721	0.00128
   431	0.00128
    82	0.00128
    93	0.00128
    19	0.00128
     2	0.00128
   443	0.00128
     5	0.00128
   510	0.00128
   595	0.00128
   161	0.00128
   865	0.00128
  4605	0.00128
     5	0.00128
    32	0.00128
  2272	0.00128
     9	0.00128
   369	0.00128
   152	0.00128
    49	0.00128
   427	0.00128
   121	0.00128
    87	0.00128
    70	0.00128
     2	0.00128
    81	0.00128
    32	0.00128
     5	0.00128
  1323	0.00128
   296	0.00128
   350	0.00128
    12	0.00128
    29	0.00128
     6	0.00128
   206	0.00128
  1046	0.00128
   101	0.00128
   538	0.00128
   184	0.00128
   811	0.00128
   236	0.00128
    27	0.00128
  1736	0.00128
   170	0.00128
   662	0.00128
   199	0.00128
   167	0.00128
    15	0.00128
     8	0.00128
   657	0.00128
     5	0.00128
    92	0.00128
  2829	0.00128
   888	0.00128
   942	0.00128
  2049	0.00128
   135	0.00128
   106	0.00128
    10	0.00128
   643	0.00128
   399	0.00204
   119	0.00204
   751	0.00204
   360	0.00204
    16	0.00204
  1941	0.00204
     2	0.00204
   169	0.00204
   620	0.00204
    49	0.00204
    85	0.00204
    22	0.00204
     5	0.00204
    10	0.00204
     2	0.00204
   152	0.00204
    30	0.00204
     2	0.00204
   155	0.00204
  2103	0.00204
   769	0.00204
  3045	0.00204
    17	0.00204
  2121	0.00204
   123	0.00204
   355	0.00204
  1280	0.00204
  2071	0.00204
  1106	0.00204
    89	0.00204
   165	0.00204
   115	0.00204
    43	0.00204
    73	0.00204
   715	0.00204
    47	0.00204
    17	0.00204
   913	0.00204
    55	0.00204
   466	0.00204
   762	0.00204
   112	0.00204
   145	0.00204
    15	0.00204
   802	0.00204
  1083	0.00204
    13	0.00204
   183	0.00204
    23	0.00204
    26	0.00204
  2295	0.00204
  1059	0.00204
  5697	0.00204
    75	0.00204
   294	0.00204
  1257	0.00204
    18	0.00204
   451	0.00204
   161	0.00204
    65	0.00204
    28	0.00204
   929	0.00204
    91	0.00204
    22	0.00204
   754	0.00204
   149	0.00204
   273	0.00204
   801	0.00204
    40	0.00204
  1972	0.00204
   235	0.00204
     6	0.00204
   407	0.00204
   318	0.00204
   926	0.00204
   237	0.00204
   776	0.00204
   174	0.00204
     2	0.00204
   152	0.00204
   319	0.00204
   450	0.00204
    34	0.00204
  1043	0.00204
   298	0.00204
  1229	0.00204
  1277	0.00204
   226	0.00204
  1516	0.00204
   582	0.00204
  1431	0.00204
  1594	0.00204
    64	0.00204
  1154	0.00204
     2	0.00204
  1092	0.00204
   307	0.00204
  1341	0.00204
  2391	0.00204
   167	0.00204
  1298	0.00204
    64	0.00204
  1320	0.00204
    37	0.00204
  1402	0.00204
    54	0.00204
  2574	0.00204
   107	0.00204
   872	0.00204
  1169	0.00204
  1596	0.00204
  1488	0.00204
    17	0.00204
   202	0.00204
     7	0.00204
   305	0.00204
    45	0.00204
  1317	0.00204
    44	0.00204
   218	0.00204
     6	0.00204
     4	0.00204
     4	0.00204
   266	0.00204
   962	0.00204
    87	0.00204
   173	0.00204
   396	0.00204
    65	0.00204
   201	0.00204
    67	0.00204
   216	0.00204
   845	0.00204
   337	0.00204
  1388	0.00204
    20	0.00204
    46	0.00190
     5	0.00190
   284	0.00190
    75	0.00190
   414	0.00190
  1469	0.00190
    16	0.00190
   208	0.00190
  2540	0.00190
    19	0.00190
   731	0.00190
  6058	0.00190
     7	0.00190
  1168	0.00190
     4	0.00190
   512	0.00190
   231	0.00190
    67	0.00190
     2	0.00190
   281	0.00190
   197	0.00190
   199	0.00190
   904	0.00190
   466	0.00190
   431	0.00190
    25	0.00190
   312	0.00190
   199	0.00190
   921	0.00190
   715	0.00190
    38	0.00190
   864	0.00190
   337	0.00190
    24	0.00190
   318	0.00190
   164	0.00190
    40	0.00190
   700	0.00190
     4	0.00190
     2	0.00190
     9	0.00190
    16	0.00190
  3518	0.00190
   596	0.00190
   418	0.00190
   338	0.00190
   292	0.00190
    27	0.00190
   267	0.00190
     4	0.00190
   243	0.00190
   766	0.00190
  2196	0.00190
   209	0.00190
   421	0.00190
   387	0.00190
   207	0.00190
   480	0.00190
  1052	0.00190
   407	0.00190
    23	0.00190
  1581	0.00190
   531	0.00190
    24	0.00190
   413	0.00190
     7	0.00190
    18	0.00190
   181	0.00190
  1680	0.00190
   191	0.00190
  1082	0.00190
    34	0.00190
    36	0.00190
  1515	0.00190
   709	0.00190
  1945	0.00190
  2367	0.00190
   611	0.00190
   298	0.00190
    66	0.00190
  1517	0.00190
   555	0.00190
   125	0.00190
    99	0.00190
    24	0.00190
   219	0.00190
   651	0.00190
    61	0.00190
   113	0.00190
    14	0.00190
   111	0.00190
   163	0.00190
   830	0.00190
     4	0.00190
   505	0.00190
   640	0.00190
  1245	0.00190
    65	0.00190
    17	0.00190
    33	0.00190
     9	0.00190
   576	0.00190
   830	0.00190
   500	0.00190
    40	0.00190
   225	0.00190
   861	0.00190
  1152	0.00190
    12	0.00190
    65	0.00190
  1548	0.00190
    15	0.00190
  1059	0.00190
   905	0.00190
    36	0.00190
   133	0.00190
   584	0.00190
  1782	0.00190
   146	0.00190
   218	0.00190
   223	0.00190
   410	0.00190
   638	0.00190
   643	0.00190
   426	0.00190
  1071	0.00190
    49	0.00190
   373	0.00190
   892	0.00190
   707	0.00190
     4	0.00190
    44	0.00190
     4	0.00190
   991	0.00190
  1416	0.00190
     5	0.00190
     4	0.00190
     9	0.00190
    27	0.00190
   789	0.00190
   110	0.00190
  2438	0.00190
   193	0.00190
   469	0.00190
    94	0.00190
   132	0.00190
   153	0.00190
   112	0.00190
     3	0.00190
   174	0.00190
    91	0.00190
  2027	0.00190
     7	0.00190
  1621	0.00190
     4	0.00190
    94	0.00190
   115	0.00190
     2	0.00190
   504	0.00190
     3	0.00190
   306	0.00190
   554	0.00162
  1600	0.00162
  1336	0.00162
  1786	0.00162
     2	0.00162
   767	0.00162
   154	0.00162
   550	0.00162
     4	0.00162
   183	0.00162
    38	0.00162
   504	0.00162
   160	0.00162
   876	0.00162
    45	0.00162
   147	0.00162
    34	0.00162
  3373	0.00162
   198	0.00162
  1117	0.00162
  1362	0.00162
    55	0.00162
    69	0.00162
    40	0.00162
   516	0.00162
    20	0.00162
   299	0.00162
   215	0.00162
   929	0.00162
    13	0.00162
   206	0.00162
   257	0.00162
  1589	0.00162
     3	0.00162
   533	0.00162
   187	0.00162
    17	0.00162
   786	0.00162
   200	0.00162
   666	0.00162
   190	0.00162
   879	0.00162
   616	0.00162
   818	0.00162
   575	0.00162
    59	0.00162
  1290	0.00162
     2	0.00162
     2	0.00162
   633	0.00162
  1979	0.00162
   474	0.00162
    23	0.00162
  1298	0.00162
     3	0.00162
  1390	0.00162
  1449	0.00162
  1629	0.00162
   926	0.00162
    94	0.00162
  2432	0.00162
    29	0.00162
   186	0.00162
   305	0.00162
   377	0.00162
   160	0.00162
   353	0.00162
   171	0.00162
    67	0.00162
   557	0.00162
   831	0.00162
   130	0.00162
     3	0.00162
    43	0.00162
   279	0.00162
   160	0.00162
  1133	0.00162
   359	0.00162
   151	0.00162
  1576	0.00162
   141	0.00162
    32	0.00162
     6	0.00162
  1644	0.00162
   356	0.00162
     4	0.00162
    10	0.00162
    15	0.00162
     2	0.00162
   135	0.00162
  1415	0.00162
  1370	0.00162
   112	0.00162
    11	0.00162
   802	0.00162
   987	0.00162
     2	0.00162
    34	0.00162
    56	0.00162
    58	0.00162
  1813	0.00162
    45	0.00162
   150	0.00162
   502	0.00162
     4	0.00162
  1144	0.00162
  1383	0.00162
   130	0.00162
   396	0.00162
     4	0.00162
    36	0.00162
   812	0.00162
     2	0.00162
   666	0.00162
     2	0.00162
     9	0.00162
    92	0.00162
    40	0.00162
   699	0.00162
    97	0.00162
    66	0.00162
  6909	0.00162
   172	0.00162
    14	0.00162
    58	0.00247
    60	0.00247
   123	0.00247
  1136	0.00247
    27	0.00247
   519	0.00247
   453	0.00247
   975	0.00247
   516	0.00247
   435	0.00247
     5	0.00247
   179	0.00247
   352	0.00247
   522	0.00247
     4	0.00247
     2	0.00247
  1193	0.00247
     3	0.00247
   461	0.00247
   401	0.00247
   101	0.00247
    11	0.00247
   453	0.00247
   441	0.00247
     2	0.00247
    20	0.00247
   519	0.00247
   547	0.00247
    17	0.00247
    29	0.00247
     3	0.00247
    20	0.00247
   383	0.00247
   572	0.00247
   174	0.00247
   883	0.00247
   149	0.00247
    40	0.00247
   358	0.00247
   420	0.00247
    13	0.00247
   134	0.00247
     4	0.00247
   354	0.00247
     8	0.00247
     5	0.00247
   122	0.00247
   437	0.00247
   104	0.00247
   749	0.00247
   204	0.00247
    96	0.00247
     3	0.00247
   422	0.00247
     4	0.00247
   743	0.00247
   210	0.00247
    44	0.00247
   309	0.00247
    78	0.00247
   379	0.00247
    60	0.00247
   239	0.00247
   158	0.00247
  1503	0.00247
    15	0.00247
   158	0.00247
   792	0.00247
   686	0.00247
     4	0.00247
   651	0.00247
     2	0.00247
     3	0.00247
    46	0.00247
  5116	0.00247
    25	0.00247
   655	0.00247
   612	0.00247
   784	0.00247
   151	0.00247
   103	0.00247
   427	0.00247
    15	0.00247
    43	0.00247
   376	0.00247
   529	0.00247
   239	0.00247
     2	0.00247
   173	0.00247
   510	0.00247
    23	0.00247
  2974	0.00247
   538	0.00247
  1712	0.00247
  3337	0.00247
    13	0.00247
   382	0.00247
    28	0.00247
   250	0.00247
    16	0.00247
  1167	0.00247
   318	0.00247
     5	0.00247
     2	0.00247
   949	0.00247
   277	0.00247
   393	0.00247
    78	0.00247
    26	0.00247
     4	0.00247
   159	0.00247
     7	0.00247
   657	0.00247
   178	0.00247
   241	0.00247
   693	0.00247
    76	0.00247
    71	0.00247
   312	0.00247
   824	0.00247
   468	0.00247
    35	0.00247
   116	0.00247
   198	0.00247
   951	0.00247
   381	0.00247
   326	0.00247
   304	0.00247
  1174	0.00247
    19	0.00247
    46	0.00247
  6597	0.00247
   208	0.00247
   917	0.00247
   254	0.00247
     4	0.00247
   372	0.00247
     3	0.00247
   111	0.00247
   180	0.00247
   387	0.00247
    15	0.00247
     9	0.00247
    35	0.00247
    45	0.00247
   107	0.00247
   115	0.00247
   526	0.00247
   694	0.00247
    32	0.00247
   295	0.00247
   578	0.00247
    40	0.00247
  1522	0.00247
     8	0.00247
   265	0.00247
   554	0.00247
     9	0.00247
   610	0.00247
  1381	0.00247
   196	0.00247
    20	0.00247
   151	0.00247
   233	0.00247
    60	0.00247
     7	0.00247
   483	0.00247
     9	0.00247
   125	0.00247
  1517	0.00247
   311	0.00247
    26	0.00247
    11	0.00247
   175	0.00247
   172	0.00247
     6	0.00247
   131	0.00247
   512	0.00247
     8	0.00247
    21	0.00247
  3301	0.00163
  7117	0.00163
     2	0.00163
   158	0.00163
  1207	0.00163
   564	0.00163
  1006	0.00163
     7	0.00163
    57	0.00163
  2722	0.00163
     6	0.00163
     2	0.00163
   112	0.00163
   543	0.00163
   351	0.00163
    10	0.00163
   838	0.00163
   111	0.00163
   469	0.00163
    65	0.00163
   269	0.00163
   174	0.00163
   357	0.00163
    55	0.00163
   486	0.00163
    10	0.00163
   554	0.00163
   346	0.00163
    56	0.00163
   435	0.00163
  1522	0.00163
   116	0.00163
     3	0.00163
   605	0.00163
   546	0.00163
  1091	0.00163
     3	0.00163
   461	0.00163
   413	0.00163
     2	0.00163
  1390	0.00163
    17	0.00163
  2499	0.00163
   303	0.00163
   443	0.00163
    33	0.00163
    46	0.00163
    47	0.00163
  1259	0.00163
   241	0.00163
   577	0.00163
   211	0.00163
   125	0.00163
   939	0.00163
   145	0.00163
    19	0.00163
    60	0.00163
    27	0.00163
    66	0.00163
  1813	0.00163
    39	0.00163
   524	0.00163
   172	0.00163
    11	0.00163
    45	0.00163
   131	0.00163
   100	0.00163
   415	0.00163
  3695	0.00163
    56	0.00163
   193	0.00163
   137	0.00163
   551	0.00163
   309	0.00163
    27	0.00163
   590	0.00163
    40	0.00163
  7003	0.00163
    35	0.00163
   800	0.00163
   771	0.00163
   299	0.00163
     5	0.00163
    31	0.00163
    11	0.00163
    20	0.00163
     8	0.00163
   158	0.00163
  1070	0.00163
   832	0.00163
    18	0.00163
   271	0.00163
   216	0.00163
   160	0.00163
   320	0.00163
   565	0.00163
   882	0.00163
    76	0.00163
   570	0.00163
   272	0.00163
   987	0.00163
   363	0.00163
    13	0.00163
    15	0.00163
    20	0.00163
    73	0.00163
    57	0.00163
    27	0.00226
    38	0.00226
   589	0.00226
    50	0.00226
  1375	0.00226
    18	0.00226
     3	0.00226
    47	0.00226
   525	0.00226
    10	0.00226
  2203	0.00226
     5	0.00226
    33	0.00226
  1430	0.00226
  1231	0.00226
    14	0.00226
    47	0.00226
    23	0.00226
    24	0.00226
   780	0.00226
   776	0.00226
    26	0.00226
   489	0.00226
   258	0.00226
     9	0.00226
  1773	0.00226
     2	0.00226
  1304	0.00226
   106	0.00226
  1246	0.00226
   187	0.00226
     3	0.00226
  1669	0.00226
     3	0.00226
   204	0.00226
  1656	0.00226
    29	0.00226
  1312	0.00226
   908	0.00226
    36	0.00226
   177	0.00226
  1207	0.00226
   155	0.00226
    38	0.00226
    56	0.00226
   507	0.00226
     3	0.00226
    75	0.00226
     3	0.00226
   180	0.00226
    31	0.00226
   984	0.00226
   628	0.00226
     4	0.00226
  1422	0.00226
    49	0.00226
    51	0.00226
     7	0.00226
   171	0.00226
  1278	0.00226
  1850	0.00226
   649	0.00226
    62	0.00226
   582	0.00226
    11	0.00226
   481	0.00226
     3	0.00226
   207	0.00226
     2	0.00226
   213	0.00226
   216	0.00226
   464	0.00226
  1238	0.00226
  3222	0.00226
   124	0.00226
    34	0.00226
    57	0.00226
   378	0.00226
    23	0.00226
   255	0.00226
   625	0.00226
    11	0.00226
     4	0.00226
    62	0.00226
    43	0.00226
   795	0.00226
    17	0.00226
   683	0.00226
   139	0.00226
     6	0.00226
    22	0.00226
    79	0.00226
   701	0.00226
   525	0.00226
   209	0.00226
   499	0.00226
   599	0.00226
   418	0.00226
    30	0.00226
   612	0.00226
   311	0.00226
    31	0.00226
    31	0.00226
   437	0.00226
    24	0.00226
    12	0.00226
     7	0.00226
   400	0.00226
    31	0.00226
   658	0.00226
   187	0.00226
   358	0.00226
     8	0.00226
    11	0.00226
    50	0.00226
  1933	0.00226
    12	0.00226
   123	0.00226
    29	0.00226
    46	0.00226
    11	0.00226
     6	0.00226
   505	0.00226
    19	0.00226
  1268	0.00226
     2	0.00226
   521	0.00226
   277	0.00226
     5	0.00226
    47	0.00226
   953	0.00226
    48	0.00226
   773	0.00226
   402	0.00226
   466	0.00226
   525	0.00226
   482	0.00226
   129	0.00226
     2	0.00330
   111	0.00330
    94	0.00330
     5	0.00330
   511	0.00330
  1706	0.00330
  1230	0.00330
  1658	0.00330
    73	0.00330
  1673	0.00330
   137	0.00330
   580	0.00330
     3	0.00330
   116	0.00330
    13	0.00330
   254	0.00330
   124	0.00330
   903	0.00330
  1065	0.00330
   436	0.00330
   176	0.00330
   352	0.00330
  1089	0.00330
    32	0.00330
   817	0.00330
    19	0.00330
  1586	0.00330
   205	0.00330
   922	0.00330
   533	0.00330
    54	0.00330
   598	0.00330
     8	0.00330
     3	0.00330
     3	0.00330
     6	0.00330
   116	0.00330
     2	0.00330
   477	0.00330
    28	0.00330
    21	0.00330
    28	0.00330
    28	0.00330
     9	0.00330
    33	0.00330
  1037	0.00330
     2	0.00330
   353	0.00330
    33	0.00330
    94	0.00330
   559	0.00330
   326	0.00330
   810	0.00330
    68	0.00330
    24	0.00330
     9	0.00330
  1414	0.00330
     3	0.00330
    13	0.00330
   188	0.00330
     4	0.00330
     3	0.00330
   251	0.00330
    13	0.00330
  1220	0.00330
    11	0.00330
   107	0.00330
  2190	0.00330
    32	0.00330
   292	0.00330
   422	0.00330
    25	0.00330
     2	0.00330
     3	0.00330
  2520	0.00330
   281	0.00330
   580	0.00330
    44	0.00330
     2	0.00330
   514	0.00330
   153	0.00330
    49	0.00330
     4	0.00330
   480	0.00330
   232	0.00330
   592	0.00330
    79	0.00330
   221	0.00330
    11	0.00330
    42	0.00330
   298	0.00330
   250	0.00330
   252	0.00330
  2293	0.00330
   195	0.00330
  2784	0.00330
    59	0.00330
     2	0.00330
   234	0.00330
    12	0.00330
    90	0.00330
     8	0.00330
   501	0.00330
    28	0.00330
   523	0.00330
   145	0.00330
     7	0.00330
     3	0.00330
    14	0.00330
    16	0.00330
    22	0.00330
   120	0.00330
   139	0.00330
    49	0.00330
    66	0.00330
     8	0.00330
   418	0.00330
     4	0.00330
    37	0.00330
     8	0.00330
    93	0.00330
     2	0.00330
  1912	0.00330
   730	0.00330
    72	0.00330
   267	0.00330
   132	0.00330
     2	0.00330
     9	0.00330
    93	0.00330
   550	0.00330
  2496	0.00330
  2551	0.00330
  1395	0.00330
   518	0.00330
    34	0.00330
   400	0.00330
   626	0.00330
    60	0.00330
    13	0.00330
  1511	0.00330
    84	0.00330
   417	0.00330
    24	0.00330
    44	0.00330
    49	0.00330
    90	0.00330
    63	0.00330
   301	0.00330
     3	0.00330
     5	0.00330
     4	0.00330
  2911	0.00312
   696	0.00312
   552	0.00312
     6	0.00312
     2	0.00312
    10	0.00312
   119	0.00312
   224	0.00312
    90	0.00312
    62	0.00312
    53	0.00312
   299	0.00312
    13	0.00312
   100	0.00312
  1322	0.00312
  1886	0.00312
   712	0.00312
    30	0.00312
     4	0.00312
   123	0.00312
    71	0.00312
   167	0.00312
     2	0.00312
   832	0.00312
   168	0.00312
  1172	0.00312
   555	0.00312
  4867	0.00312
   280	0.00312
   207	0.00312
   275	0.00312
    18	0.00312
     6	0.00312
   662	0.00312
  2413	0.00312
    31	0.00312
  1432	0.00312
  1605	0.00312
    13	0.00312
    16	0.00312
   615	0.00312
    62	0.00312
    13	0.00312
  1034	0.00312
     5	0.00312
   367	0.00312
   209	0.00312
   221	0.00312
     2	0.00312
   268	0.00312
     2	0.00312
   550	0.00312
    22	0.00312
    98	0.00312
   159	0.00312
  4109	0.00312
   185	0.00312
   448	0.00312
   648	0.00312
  1094	0.00312
   852	0.00312
    21	0.00312
   240	0.00312
    42	0.00312
  1183	0.00312
    20	0.00312
    13	0.00312
    37	0.00312
   724	0.00312
   572	0.00312
   632	0.00312
   125	0.00312
    60	0.00312
   233	0.00312
  1021	0.00312
   653	0.00312
     4	0.00312
   425	0.00312
   884	0.00312
     6	0.00312
   297	0.00312
   191	0.00312
   236	0.00312
    21	0.00312
   198	0.00312
   504	0.00312
  2596	0.00312
   803	0.00312
    21	0.00312
 12814	0.00312
    67	0.00312
    21	0.00312
  6441	0.00312
  1443	0.00312
   859	0.00312
     9	0.00312
    59	0.00312
   963	0.00312
  1774	0.00312
   402	0.00312
   754	0.00312
  1066	0.00312
   231	0.00312
    32	0.00312
   637	0.00312
   698	0.00312
  1156	0.00312
    54	0.00312
   280	0.00312
    16	0.00312
    10	0.00312
     9	0.00312
   312	0.00312
   423	0.00312
   101	0.00312
   653	0.00312
   188	0.00312
   292	0.00630
    60	0.00630
  1036	0.00630
  6147	0.00630
    24	0.00630
    75	0.00630
    83	0.00630
   512	0.00630
   105	0.00630
  7673	0.00630
  6178	0.00630
   775	0.00630
   635	0.00630
  2338	0.00630
   266	0.00630
   159	0.00630
  2733	0.00630
   155	0.00630
  2870	0.00630
   909	0.00630
    16	0.00630
     3	0.00630
    11	0.00630
   252	0.00630
   270	0.00630
   463	0.00630
   837	0.00630
   643	0.00630
    79	0.00630
  7312	0.00630
   623	0.00630
    16	0.00630
   361	0.00630
   671	0.00630
   288	0.00630
    54	0.00630
   456	0.00630
    34	0.00630
    33	0.00630
     2	0.00630
    10	0.00630
     2	0.00630
    10	0.00630
    37	0.00630
    40	0.00630
  1197	0.00630
   295	0.00630
    52	0.00630
    17	0.00630
   145	0.00630
  3306	0.00630
    36	0.00630
    87	0.00630
  2979	0.00630
    41	0.00630
  1381	0.00630
     6	0.00630
  2179	0.00630
   675	0.00630
   599	0.00630
   226	0.00630
   128	0.00630
   477	0.00630
    71	0.00630
     2	0.00630
  1352	0.00630
   981	0.00630
  1141	0.00630
   338	0.00630
   464	0.00630
   404	0.00630
    21	0.00630
     8	0.00630
     4	0.00630
  5329	0.00630
   273	0.00630
    18	0.00630
     3	0.00630
   115	0.00169
     3	0.00169
   179	0.00169
    83	0.00169
     6	0.00169
   141	0.00169
   770	0.00169
   897	0.00169
   283	0.00169
     4	0.00169
    17	0.00169
   125	0.00169
    28	0.00169
  1086	0.00169
    18	0.00169
  1640	0.00169
   603	0.00169
    85	0.00169
   142	0.00169
   155	0.00169
  4707	0.00169
   261	0.00169
    78	0.00169
   113	0.00169
   127	0.00169
    85	0.00169
    35	0.00169
    94	0.00169
   386	0.00169
  1191	0.00169
    15	0.00169
    20	0.00169
   333	0.00169
  2820	0.00169
   395	0.00169
     7	0.00169
   403	0.00169
  2500	0.00169
  1624	0.00169
  2544	0.00169
  1759	0.00169
   213	0.00169
   185	0.00169
   154	0.00169
   191	0.00169
    16	0.00169
   697	0.00169
    25	0.00169
    52	0.00169
    70	0.00169
   113	0.00169
   477	0.00169
     2	0.00169
  1586	0.00169
   543	0.00169
    13	0.00169
   316	0.00169
   166	0.00169
  2263	0.00169
   949	0.00169
    25	0.00169
  1687	0.00169
    39	0.00169
    14	0.00169
   620	0.00169
   151	0.00169
    36	0.00169
   307	0.00169
   177	0.00169
    14	0.00169
     9	0.00169
     2	0.00169
    28	0.00169
   173	0.00169
    28	0.00169
    24	0.00169
    54	0.00169
     7	0.00169
   227	0.00169
    27	0.00169
    14	0.00169
   940	0.00169
   747	0.00169
   664	0.00169
    83	0.00169
     2	0.00169
   343	0.00169
   179	0.00169
    17	0.00169
     2	0.00169
   659	0.00169
    55	0.00169
   226	0.00169
     9	0.00169
     6	0.00169
  1044	0.00169
    18	0.00169
    18	0.00169
    36	0.00169
   118	0.00169
  3488	0.00169
  1359	0.00169
   732	0.00169
  1233	0.00169
   250	0.00169
  3604	0.00169
  1065	0.00169
   347	0.00169
   810	0.00169
    55	0.00169
    19	0.00169
   621	0.00169
  3480	0.00169
   137	0.00169
    72	0.00169
   109	0.00169
   256	0.00169
   494	0.00169
   177	0.00169
    71	0.00169
   354	0.00169
     4	0.00169
     4	0.00169
    34	0.00169
    69	0.00169
     4	0.00169
  1518	0.00169
    60	0.00169
    46	0.00169
    21	0.00169
   107	0.00169
     4	0.00169
  1179	0.00169
    37	0.00169
   4313636
   12
