 276
    22	0.01387
   532	0.01387
   542	0.01387
   805	0.01387
   123	0.01387
    52	0.01387
    78	0.01387
   210	0.01387
   168	0.01387
   851	0.01387
   206	0.01387
   106	0.01387
     2	0.01387
    95	0.01387
     6	0.01387
   102	0.01387
    16	0.01387
    75	0.01387
     2	0.01387
   486	0.01387
   219	0.01387
   212	0.01387
   654	0.01387
   361	0.01387
  1099	0.01387
    55	0.01387
    38	0.01387
   416	0.01387
  1536	0.01387
   376	0.01387
  1026	0.01387
    28	0.01387
  2043	0.01387
  1455	0.01387
     4	0.01387
  1315	0.01387
   141	0.01387
  1387	0.01387
   257	0.01387
    58	0.01387
   404	0.01387
    17	0.01387
  1363	0.01387
  1984	0.01387
   131	0.01387
   243	0.01387
    22	0.01387
     5	0.01387
  1719	0.01387
     3	0.01387
   934	0.00931
   562	0.00931
   286	0.00931
   415	0.00931
     4	0.00931
     6	0.00931
   131	0.00931
   132	0.00931
  4094	0.00931
   891	0.00931
   934	0.00931
   141	0.00931
    38	0.00931
   564	0.00931
   760	0.00931
  1482	0.00931
  2094	0.00931
   276	0.00931
   814	0.00931
   166	0.00931
   189	0.00931
    72	0.00931
   131	0.00931
   166	0.00931
   671	0.00931
    10	0.00931
    10	0.00931
   495	0.00931
   681	0.00931
   103	0.00931
    10	0.00931
  1025	0.00931
   209	0.00931
   281	0.00931
     4	0.00931
   973	0.00931
  1522	0.00931
     5	0.00931
  1277	0.00931
   165	0.00931
   166	0.00931
   388	0.00931
    29	0.00931
    48	0.00931
   189	0.00931
   150	0.00931
   157	0.00931
   522	0.00931
  1083	0.00931
    53	0.00931
   781	0.00931
  1084	0.00931
   132	0.00931
   339	0.00931
   180	0.01043
   501	0.01043
    26	0.01043
    96	0.01043
    85	0.01043
  1581	0.01043
   297	0.01043
   157	0.01043
   241	0.01043
    26	0.01043
  2720	0.01043
   285	0.01043
    14	0.01043
   836	0.01043
     4	0.01043
    76	0.01043
     2	0.01043
   285	0.01043
   172	0.01043
  1445	0.01043
    27	0.01043
     2	0.01043
    26	0.01043
   157	0.01043
     9	0.01043
    10	0.01043
    76	0.01043
   981	0.01043
  1940	0.01043
    24	0.01043
     7	0.01043
    15	0.01043
   175	0.01043
  2497	0.01043
   721	0.01043
   320	0.01043
    59	0.01043
    18	0.01043
    66	0.01043
    10	0.01043
   201	0.01043
    59	0.01043
    18	0.01043
   545	0.01043
     7	0.01043
   125	0.01043
   422	0.01043
   453	0.01043
  1331	0.01043
    51	0.01059
   160	0.01059
   197	0.01059
    11	0.01059
    29	0.01059
    11	0.01059
   229	0.01059
    15	0.01059
   267	0.01059
   759	0.01059
   970	0.01059
   736	0.01059
    11	0.01059
   339	0.01059
    97	0.01059
    50	0.01059
    97	0.01059
    91	0.01059
   249	0.01059
   452	0.01059
    61	0.01059
  1043	0.01059
  2262	0.01059
   757	0.01059
     3	0.01059
    12	0.01059
     4	0.01059
   101	0.01059
   204	0.01059
    50	0.01059
    33	0.01059
    76	0.01059
    31	0.01059
   327	0.01059
  1883	0.01059
    15	0.01059
   127	0.01059
    50	0.01059
   118	0.01059
   149	0.01059
    11	0.01059
   203	0.01059
    19	0.01059
    14	0.01059
     5	0.01059
   227	0.01059
   235	0.01059
   240	0.01059
   467	0.01059
   426	0.01059
     6	0.01059
   242	0.01059
    15	0.01059
    27	0.01059
   275	0.01059
   120	0.01059
   658	0.01059
    54	0.01059
   112	0.01059
   517	0.01059
   102	0.01059
   109	0.01059
   341	0.01059
     3	0.01059
   746	0.01059
    62	0.01059
   871	0.01059
    71	0.01059
    39	0.01836
   704	0.01836
   112	0.01836
   489	0.01836
   152	0.01836
     2	0.01836
    45	0.01836
   103	0.01836
  2739	0.01836
    33	0.01836
     6	0.01836
    27	0.01836
   119	0.01836
  2002	0.01836
     6	0.01836
    44	0.01836
  1176	0.01836
   119	0.01836
   338	0.01836
     8	0.01836
   156	0.01836
   145	0.01836
   278	0.01836
    38	0.01836
   251	0.01836
    31	0.01836
   468	0.01836
   145	0.01836
    39	0.01836
   125	0.01836
  1532	0.01836
     6	0.01836
   151	0.01836
   145	0.01836
   226	0.01836
    79	0.01836
    37	0.01836
   180	0.01836
     2	0.01836
    44	0.01836
     6	0.01836
     6	0.01836
    30	0.01836
    16	0.01836
   123	0.01836
     8	0.01836
   114	0.01836
    20	0.01836
   489	0.01836
   173	0.01836
    10	0.01836
   277	0.01836
   228	0.01836
    49	0.01836
    21	0.01836
   1462494
   24
