 301
   267	0.01222
    22	0.01222
   314	0.01222
   141	0.01222
   147	0.01222
    30	0.01222
    15	0.01222
    19	0.01222
    87	0.01222
   218	0.01222
    37	0.01222
  1521	0.01222
   842	0.01222
   203	0.01222
   506	0.01222
     3	0.01222
   267	0.01222
  1862	0.01222
    14	0.01222
    50	0.01222
    26	0.01222
    57	0.01222
     4	0.01222
    13	0.01222
  2261	0.01222
    18	0.01222
    14	0.01222
    15	0.01222
    13	0.01222
   194	0.01222
     5	0.01222
   468	0.01222
    26	0.01222
    62	0.01222
    99	0.01222
     4	0.01222
    61	0.01222
   728	0.01222
     2	0.01222
    30	0.01222
    94	0.01222
   436	0.01222
   968	0.01222
   392	0.01222
     6	0.01222
    28	0.01222
   162	0.01222
    43	0.01222
   147	0.01222
   251	0.01222
   143	0.01222
    41	0.01222
   143	0.01222
     6	0.01222
   162	0.01222
   706	0.01222
    35	0.01222
   262	0.01222
   528	0.01222
   327	0.01222
   306	0.01222
   359	0.01222
    28	0.01222
   144	0.01222
   554	0.01222
   278	0.01222
    26	0.01222
   133	0.01222
  1308	0.01222
   628	0.01222
   343	0.01222
   272	0.01222
    55	0.01222
    37	0.01222
     7	0.01222
     2	0.01222
     3	0.01222
   298	0.01222
    62	0.01222
    99	0.01222
    37	0.01222
    50	0.01222
    10	0.01222
    20	0.01222
     4	0.01222
   418	0.01222
    87	0.01222
     2	0.01222
   307	0.01222
   261	0.01222
     5	0.01222
    74	0.01222
     8	0.01222
    35	0.01222
   289	0.01222
    98	0.01222
     2	0.01222
    34	0.01222
   136	0.01222
   106	0.01222
     4	0.01222
  1072	0.01222
    37	0.01222
    57	0.01222
   100	0.01222
    37	0.01222
    82	0.01222
   164	0.01222
    19	0.01222
     2	0.01222
    26	0.01222
   376	0.01222
    67	0.01222
     2	0.01286
     4	0.01286
    15	0.01286
     5	0.01286
     2	0.01286
    51	0.01286
    13	0.01286
   356	0.01286
   191	0.01286
   264	0.01286
    24	0.01286
   141	0.01286
     7	0.01286
   101	0.01286
    22	0.01286
    61	0.01286
    65	0.01286
    78	0.01286
    27	0.01286
   189	0.01286
   448	0.01286
   455	0.01286
   613	0.01286
   965	0.01286
    10	0.01286
   131	0.01286
  1350	0.01286
     7	0.01286
   524	0.01286
    82	0.01286
     9	0.01286
    61	0.01286
   163	0.01286
   475	0.01286
   332	0.01286
     2	0.01286
   778	0.01286
    15	0.01286
    15	0.01286
   959	0.01286
     6	0.01286
    63	0.01286
   317	0.01286
    21	0.01286
    85	0.01286
   165	0.01286
   243	0.01286
    10	0.01286
   233	0.01286
    16	0.01286
     3	0.01286
    10	0.01286
    73	0.01286
   159	0.01286
   100	0.01286
    19	0.01286
    46	0.01286
   131	0.01286
   520	0.01286
    15	0.01286
    34	0.01286
   268	0.01286
    10	0.01286
    22	0.01286
   301	0.01286
     6	0.01286
    81	0.01286
     2	0.01286
    62	0.01286
   596	0.01286
   359	0.01286
   258	0.01286
   202	0.01286
     4	0.01286
    15	0.01286
    26	0.01286
    32	0.01286
     3	0.01286
   323	0.01286
    32	0.01286
    19	0.01286
   101	0.01286
    25	0.01286
    10	0.01286
    10	0.01286
    17	0.01286
   566	0.01286
   229	0.01286
     5	0.01286
    14	0.01286
    18	0.01286
   814	0.01286
     2	0.01286
   647	0.01286
   358	0.01286
   576	0.01286
     4	0.01286
    14	0.01286
   235	0.01286
   159	0.01286
   278	0.01286
   755	0.01286
    21	0.01286
     6	0.01286
    47	0.01286
   142	0.01286
     2	0.01286
    17	0.01286
   448	0.01286
     3	0.01286
  6267	0.01286
    55	0.01286
   294	0.01286
   610	0.01286
  1065	0.01286
     6	0.01286
   160	0.01286
    22	0.01286
  1206	0.01286
     9	0.01286
    16	0.01286
  1993	0.01286
   768	0.01286
     2	0.01286
   132	0.01286
  1073	0.01286
     2	0.01286
    78	0.01286
    51	0.01286
     9	0.01286
    45	0.01286
   115	0.01286
     8	0.01286
     3	0.01286
   216	0.01286
     3	0.01286
     8	0.01286
    23	0.01286
     7	0.01286
   778	0.01286
     3	0.01286
     5	0.01286
    37	0.01286
   323	0.01286
   132	0.01286
   224	0.01286
    35	0.01286
   121	0.01286
     3	0.01286
   100	0.01286
    19	0.01286
    46	0.01286
   131	0.01286
    17	0.01286
   317	0.01286
   118	0.01286
   210	0.01286
    75	0.01286
   474	0.01286
    78	0.01286
     2	0.01286
     5	0.01286
   633	0.01286
     7	0.01286
  1196	0.01286
     7	0.01286
    85	0.01286
    91	0.01286
    17	0.01286
  1041	0.01286
   693	0.01286
     2	0.01286
   850	0.01286
    17	0.01286
   367	0.01286
   270	0.01286
    18	0.01286
     3	0.01286
     2	0.01286
   276	0.01286
   109	0.01286
     4	0.01286
   136	0.01286
   924	0.01286
   546	0.01286
   482	0.01286
     5	0.01286
   116	0.01286
    823970
   25
