 259
   246	0.00577
    28	0.00577
     2	0.00577
    20	0.00577
   358	0.00577
    20	0.00577
   185	0.00577
     5	0.00577
     2	0.00577
    11	0.00577
   197	0.00577
    34	0.00577
    19	0.00577
     4	0.00577
   127	0.00577
    24	0.00577
   117	0.00577
     3	0.00577
     9	0.00577
   477	0.00577
    72	0.00577
  2342	0.00577
     7	0.00577
    55	0.00577
    68	0.00577
     7	0.00577
   306	0.00577
   598	0.00577
    47	0.00577
    54	0.00577
     6	0.00577
   285	0.00577
     2	0.00577
    21	0.00577
   516	0.00577
   609	0.00577
    20	0.00577
    15	0.00577
   252	0.00577
    61	0.00577
   233	0.00577
   131	0.00577
   157	0.00577
     3	0.00577
   304	0.00577
    78	0.00577
   337	0.00577
   116	0.00577
   249	0.00577
    27	0.00577
   221	0.00577
    41	0.00577
     2	0.00577
   340	0.00577
    86	0.00577
   855	0.00577
    17	0.00577
   141	0.00577
   398	0.00577
   295	0.00577
     3	0.00644
    23	0.00644
    44	0.00644
   170	0.00644
     4	0.00644
   135	0.00644
    45	0.00644
   135	0.00644
    22	0.00644
   307	0.00644
   239	0.00644
    66	0.00644
     5	0.00644
     8	0.00644
     8	0.00644
   256	0.00644
   124	0.00644
    53	0.00644
    15	0.00644
    64	0.00644
   131	0.00644
    35	0.00644
    12	0.00644
     3	0.00644
   174	0.00644
    44	0.00644
    76	0.00644
   271	0.00644
   691	0.00644
   111	0.00644
    21	0.00644
    71	0.00644
     2	0.00644
     5	0.00644
   153	0.00644
   113	0.00644
     7	0.00644
    21	0.00644
    11	0.00644
   432	0.00644
    25	0.00554
    51	0.00554
    89	0.00554
   389	0.00554
    14	0.00554
   108	0.00554
   166	0.00554
     3	0.00554
     8	0.00554
    19	0.00554
    88	0.00554
   181	0.00554
     2	0.00554
     5	0.00554
   865	0.00554
    49	0.00554
   194	0.00554
   120	0.00554
   186	0.00554
    47	0.00554
     3	0.00554
    36	0.00554
     6	0.00554
    23	0.00554
     7	0.00554
     3	0.00554
    26	0.00554
     5	0.00554
   223	0.00554
   100	0.00554
   302	0.00554
   297	0.00554
     8	0.00554
   181	0.00554
    13	0.00554
   212	0.00554
   537	0.00554
   156	0.00554
    33	0.00554
    46	0.00554
    36	0.00554
   320	0.00554
    95	0.00554
    80	0.00554
    48	0.00554
   204	0.00554
   122	0.00554
     5	0.00554
   440	0.00554
   108	0.00554
   176	0.00554
  1300	0.00554
   215	0.00554
    11	0.00554
    37	0.00554
   417	0.00554
  1213	0.00554
     4	0.00554
  1015	0.00554
   494	0.00554
   451	0.00554
     3	0.00554
   489	0.00554
    37	0.00554
    35	0.00554
    66	0.00554
     5	0.00554
     9	0.00554
    22	0.00554
    79	0.00554
    51	0.00554
   148	0.00554
   283	0.00554
    34	0.00554
   309	0.00554
     6	0.00554
    65	0.00554
    98	0.00554
   161	0.00554
   361	0.00554
    96	0.00554
   253	0.00554
    19	0.00554
   256	0.00554
   127	0.00554
    11	0.00554
   463	0.00554
   737	0.00554
   597	0.00554
     2	0.00554
    15	0.00554
  1410	0.00554
    11	0.00554
   100	0.00554
     8	0.00554
    67	0.00554
   231	0.00554
   157	0.00554
   106	0.00554
     5	0.00554
   441	0.00554
    24	0.00554
    29	0.00554
    39	0.00554
   445	0.00554
   132	0.00554
    78	0.00554
   119	0.00554
     7	0.00554
   403	0.00554
   288	0.00554
   130	0.00554
    81	0.00554
     4	0.00554
   180	0.00554
     2	0.00554
   769	0.00554
    10	0.00554
    18	0.00554
   140	0.00554
    40	0.00554
     9	0.00554
   132	0.00554
   449	0.00554
   243	0.00554
    19	0.00554
    27	0.00554
   357	0.00554
     5	0.00554
   700	0.00554
   636	0.00554
   885	0.00554
     5	0.00554
     3	0.00554
    10	0.00554
   121	0.00554
    82	0.00554
     9	0.00554
    46	0.00554
     3	0.00554
     3	0.00554
    31	0.00554
     5	0.00554
   133	0.00554
     6	0.00554
    21	0.00554
   546	0.00554
     5	0.00554
   117	0.00554
    83	0.00554
     8	0.00554
   196	0.00554
    86	0.00554
    24	0.00554
   146	0.00554
    63	0.00554
    35	0.00554
     3	0.00554
    61	0.00554
    892056
   12
