 169
    13	0.01140
   170	0.01140
   920	0.01140
   105	0.01140
     6	0.01140
    36	0.01140
   553	0.01140
    33	0.01140
     7	0.01140
   557	0.01140
    69	0.01140
   289	0.01140
    26	0.01140
   678	0.01140
  2161	0.01140
    34	0.01140
    69	0.01140
    28	0.01140
   236	0.01140
     8	0.01140
   112	0.01140
     6	0.01140
     2	0.01140
   120	0.01140
   160	0.01140
    51	0.01140
   107	0.01140
    65	0.01140
  2610	0.01140
    17	0.01140
    50	0.01140
    13	0.01140
  1432	0.01270
  1038	0.01270
     9	0.01270
    13	0.01270
  1030	0.01270
   559	0.01270
     7	0.01270
     2	0.01270
    25	0.01270
  1751	0.01270
     6	0.01270
    35	0.01270
   826	0.01270
    76	0.01270
   232	0.01270
   426	0.01270
  1969	0.01270
   392	0.01270
   107	0.01270
   382	0.01270
    75	0.01137
   464	0.01137
     4	0.01137
     3	0.01137
    77	0.01137
     9	0.01137
  1353	0.01137
    28	0.01137
    30	0.01137
     7	0.01137
    81	0.01137
    67	0.01137
    61	0.01137
   767	0.01137
    41	0.01137
    90	0.01137
   708	0.01137
   698	0.01137
   861	0.01137
  1788	0.01137
     8	0.01137
   141	0.01137
   359	0.01137
  1233	0.01137
    34	0.01137
     9	0.01137
    78	0.01137
    16	0.01137
   381	0.01137
    15	0.01137
   844	0.01137
   530	0.01137
    33	0.01137
   857	0.01137
   611	0.01137
    86	0.01137
   103	0.01137
   106	0.01137
  1321	0.01137
   433	0.01137
   625	0.01137
    10	0.01137
   325	0.01137
   205	0.01137
   138	0.01137
   122	0.01137
    36	0.01137
    87	0.01137
   434	0.01137
   820	0.01137
   761	0.01137
    34	0.01137
  1953	0.01137
  1088	0.01137
    98	0.01137
    59	0.01137
    77	0.01137
   343	0.01137
  1915	0.01137
  1177	0.01137
   224	0.01137
    60	0.01137
  1333	0.01137
     2	0.01137
   626	0.01137
   707	0.01137
    36	0.01137
   209	0.01137
   243	0.01137
  1009	0.01137
    19	0.01137
    84	0.01137
     9	0.01137
   862	0.01137
   954	0.01137
   392	0.01137
   564	0.01137
   176	0.01137
    13	0.01137
   194	0.01137
   127	0.01137
    11	0.01137
   309	0.01137
   129	0.01137
   632	0.01137
   922	0.01137
   405	0.01137
  1179	0.01137
    16	0.01137
   126	0.01137
    70	0.01137
   850	0.01137
   113	0.01137
   797	0.01137
  2495	0.01137
   126	0.01137
   222	0.01137
   130	0.01137
   565	0.01137
   545	0.01137
   781	0.01137
   357	0.01137
   112	0.01137
  1871	0.01137
    46	0.01137
    14	0.01137
    84	0.01137
     2	0.01137
   208	0.01137
    10	0.01137
    34	0.01137
     3	0.01137
     3	0.01137
   541	0.01137
    42	0.01137
    60	0.01137
     2	0.01137
    892056
   18
