 174
   807	0.00887
   105	0.00887
     6	0.00887
   125	0.00887
    87	0.00887
    89	0.00887
   179	0.00887
   268	0.00887
   753	0.00887
   278	0.00887
     2	0.00887
    61	0.00887
   136	0.00887
   393	0.00887
   105	0.00887
    21	0.00887
    98	0.00887
   593	0.00887
   367	0.00887
    40	0.00887
    13	0.00887
    38	0.00887
  2827	0.00887
   518	0.00887
   458	0.00887
   218	0.00887
   854	0.00887
     3	0.00887
    27	0.00887
    19	0.00887
    68	0.00887
    66	0.00887
  2577	0.00887
    39	0.00887
   323	0.00887
    47	0.00887
   280	0.00887
     4	0.00887
    25	0.00887
  1382	0.00887
   439	0.00887
     5	0.00887
  2197	0.00816
     8	0.00816
   983	0.00816
    11	0.00816
    29	0.00816
  1396	0.00816
   308	0.00816
    91	0.00816
    13	0.00816
  4636	0.00816
165222	0.00816
    33	0.00816
     3	0.00816
   210	0.00816
    94	0.00816
   333	0.00816
    88	0.00816
   202	0.00816
   260	0.00816
    83	0.00816
   257	0.00816
   101	0.00816
   170	0.00816
    49	0.00816
   462	0.00380
 15351	0.00380
  7603	0.00380
    16	0.00380
   888	0.00380
    71	0.00380
   409	0.00380
    48	0.00380
   222	0.00380
   127	0.00380
  1476	0.00380
  1208	0.00380
   501	0.00380
  2196	0.00380
    88	0.00380
   280	0.00380
   362	0.00380
 17132	0.00380
  9026	0.00086
   102	0.00086
     4	0.00086
 17676	0.00086
   496	0.00086
   729	0.00086
  1704	0.00086
  3243	0.00086
  2816	0.00086
 15354	0.00086
   366	0.00086
  5770	0.00086
   948	0.00086
    41	0.00086
     2	0.00086
   565	0.00086
  1610	0.00086
   665	0.00086
 10246	0.00086
    88	0.00086
  1134	0.00086
  4116	0.00086
  4792	0.00086
  5845	0.00086
  7473	0.00086
     9	0.00086
    14	0.00086
  1171	0.00086
     3	0.00086
   513	0.00086
   396	0.00086
  2037	0.00086
  1487	0.00086
 13046	0.00086
 19121	0.00086
  8681	0.00086
    20	0.00086
 23178	0.00086
   774	0.00086
  1849	0.00086
    16	0.00086
    19	0.00086
  6650	0.00086
  7132	0.00086
  5272	0.00086
  4065	0.00086
  2928	0.00086
  7759	0.00086
    18	0.00086
 13324	0.00086
   946	0.00086
  1556	0.00086
  6844	0.00134
  5144	0.00134
 13300	0.00134
  1629	0.00134
  1171	0.00134
 22493	0.00134
   508	0.00134
  3677	0.00134
 19400	0.00134
 13103	0.00134
     3	0.00134
     3	0.00134
  4256	0.00134
   353	0.00134
  4044	0.00134
  7293	0.00134
 16586	0.00134
  5697	0.00134
  3175	0.00134
 31446	0.00134
  4585	0.00134
  4437	0.00134
    99	0.00134
   402	0.00134
 35834	0.00134
   669	0.00134
  4237	0.00134
    13	0.00134
 24595	0.00134
  4108	0.00134
  3097	0.00134
   580	0.00134
 35873	0.00134
   645	0.00134
 18592	0.00134
  1298	0.00134
  2542	0.00134
  1786	0.00134
   1495096
   18
