  46
   146	0.00813
   219	0.00813
   152	0.00813
   372	0.00813
   268	0.00813
    61	0.00813
   194	0.00813
   343	0.00813
    73	0.00813
   176	0.00813
   310	0.00813
   648	0.00813
    21	0.00813
     4	0.00813
   749	0.00813
   317	0.00813
   200	0.00813
  1813	0.00813
    10	0.00813
   174	0.00813
  1427	0.00813
  3786	0.00813
   178	0.00813
     2	0.00813
   148	0.00813
    57	0.00813
   565	0.00813
    18	0.00813
   133	0.00813
   265	0.00813
    29	0.00813
    79	0.00813
   361	0.00813
  3027	0.00813
     5	0.00813
     6	0.00813
   455	0.00813
    21	0.00813
     4	0.00813
     3	0.00813
     3	0.00813
   271	0.00813
   204	0.00813
   193	0.00813
   152	0.00813
    63	0.00813
    259516
   13
