  39
 28067	0.00011
   247	0.00011
 31040	0.00011
     2	0.00011
   659	0.00011
  8524	0.00011
 11524	0.00019
 26088	0.00019
 42232	0.00019
  3101	0.00019
     2	0.00019
  3369	0.00019
    83	0.00019
  1362	0.00019
  1974	0.00019
  1508	0.00019
    14	0.00019
     2	0.00029
  5630	0.00029
  3236	0.00029
   128	0.00029
  1762	0.00029
  1046	0.00029
    73	0.00029
     6	0.00029
  8073	0.00029
  1134	0.00029
  1490	0.00029
  8044	0.00029
     2	0.00029
  2716	0.00029
   338	0.00029
    12	0.00029
 14175	0.00029
    99	0.00029
   307	0.00029
  5426	0.00029
 15452	0.00029
  2222	0.00029
    736384
   17
