 247
   342	0.00925
     2	0.00925
   430	0.00925
    24	0.00925
  1157	0.00925
   922	0.00925
   189	0.00925
    94	0.00925
   235	0.00925
     2	0.00925
   318	0.01063
   347	0.01063
   523	0.01063
   468	0.01063
   229	0.01063
   420	0.01063
    30	0.01063
     2	0.01063
  1690	0.01063
  1282	0.01146
   229	0.01146
   399	0.01146
   844	0.01146
    12	0.01146
   102	0.01146
   431	0.01146
   230	0.01146
  1186	0.01146
   273	0.01156
     2	0.01156
   102	0.01156
    96	0.01156
    42	0.01156
   212	0.01156
    51	0.00923
   127	0.00923
    31	0.00923
  2021	0.00923
    76	0.00923
  6654	0.00923
   271	0.00923
     9	0.00923
   233	0.00923
   110	0.00923
   420	0.00923
   513	0.00854
   513	0.00854
   315	0.00854
    33	0.00854
   112	0.00854
   598	0.00854
  2692	0.00854
  1289	0.00854
   942	0.00981
   549	0.00981
    66	0.00981
   373	0.00981
  1124	0.00981
   342	0.00981
    36	0.00981
  1718	0.00981
   925	0.00981
    34	0.00690
   934	0.00690
   230	0.00690
    39	0.00690
  5141	0.00690
  3841	0.00690
   428	0.00690
  1512	0.00690
    21	0.00690
   547	0.00690
  2498	0.00690
  1065	0.00690
  1161	0.00690
  1416	0.00690
  2789	0.00690
  4425	0.00690
  1037	0.00690
   154	0.00621
   153	0.00621
   172	0.00621
    35	0.00621
   109	0.00621
     2	0.00621
    57	0.00621
   195	0.00621
     6	0.00621
    54	0.00621
   266	0.00621
  1057	0.00621
    44	0.00621
   141	0.00621
   678	0.00621
    12	0.00621
   147	0.00623
   256	0.00623
   272	0.00623
   481	0.00623
     7	0.00623
    16	0.00623
    60	0.00623
   433	0.00623
  1081	0.00623
  1960	0.00623
  3006	0.00623
   223	0.01029
    92	0.01029
   317	0.01029
  1418	0.01029
     4	0.01029
    24	0.01029
   652	0.01029
   415	0.01029
  1378	0.01029
   205	0.01029
    14	0.00771
   214	0.00771
    20	0.00771
   466	0.00771
   912	0.00771
    90	0.00771
   509	0.00771
    23	0.00771
  1099	0.00771
    32	0.00771
   490	0.00771
  3045	0.00771
    77	0.00771
 26455	0.00771
    14	0.00736
   149	0.00736
   254	0.00736
   142	0.00736
   291	0.00736
   278	0.00736
    16	0.00736
    59	0.00736
   206	0.00736
    46	0.00736
    47	0.00736
   557	0.00736
   261	0.00736
     3	0.00736
     5	0.00736
    21	0.00736
    61	0.00736
     6	0.00736
   297	0.00736
  1013	0.00736
    28	0.00736
   431	0.00736
    47	0.00908
   135	0.00908
  2626	0.00908
   282	0.00908
   226	0.00908
   312	0.00908
    29	0.00908
   245	0.00908
     4	0.00908
   296	0.00908
   776	0.00908
     9	0.00908
   113	0.00908
     2	0.00908
    63	0.00908
     2	0.00908
    11	0.00908
     2	0.00908
    33	0.00908
   267	0.00908
    97	0.00908
   114	0.00908
   220	0.01083
  1832	0.01083
   177	0.01083
  1127	0.01083
   112	0.01083
     6	0.01083
    79	0.01083
   100	0.01083
  2362	0.01083
   299	0.01083
    94	0.01083
   967	0.01083
   252	0.01083
    23	0.01083
   200	0.01083
  1000	0.01083
     8	0.01083
  1475	0.01083
    63	0.01083
   528	0.01083
   483	0.01083
   131	0.01083
   549	0.01083
   380	0.01729
    49	0.01729
   699	0.01729
     2	0.01729
     6	0.01729
   176	0.01729
   253	0.01729
   340	0.01729
   137	0.01729
   115	0.01729
     3	0.01729
   150	0.01729
   885	0.00997
  1695	0.00997
     2	0.00997
    11	0.00997
    30	0.00997
    23	0.00997
   107	0.00997
   915	0.00997
     3	0.00997
   427	0.00997
   223	0.00997
    12	0.00997
    51	0.00997
    24	0.00997
   549	0.00997
  1218	0.00997
    22	0.00997
     7	0.00997
   359	0.00997
     9	0.00997
  1795	0.00997
   684	0.00997
   559	0.00997
    54	0.00997
     2	0.00997
   141	0.00997
  3082	0.00997
   914	0.00997
  1265	0.00997
   164	0.00997
  1915	0.00997
   115	0.00997
   391	0.00997
     9	0.00997
   234	0.00997
   117	0.00997
   968	0.00997
  2124	0.00997
   4313636
   19
