 169
   301	0.00056
  1775	0.00056
   121	0.00056
  8841	0.00056
    81	0.00056
    30	0.00056
    19	0.00056
  1520	0.00056
   367	0.00056
     2	0.00056
  5042	0.00056
   107	0.00056
    96	0.00056
    81	0.00056
  3760	0.00056
   645	0.00056
   645	0.00056
  1536	0.00056
    72	0.00056
   808	0.00056
    54	0.00056
   121	0.00056
   233	0.00056
   513	0.00056
  1428	0.00091
     2	0.00091
  1137	0.00091
    79	0.00091
   662	0.00091
   190	0.00091
     6	0.00091
   216	0.00091
    97	0.00091
    65	0.00091
    16	0.00091
    18	0.00091
  1096	0.00091
   158	0.00091
     8	0.00091
    43	0.00091
   768	0.00091
   167	0.00091
  1033	0.00091
    79	0.00091
    21	0.00091
    52	0.00091
     6	0.00091
    28	0.00091
   384	0.00091
    63	0.00091
    22	0.00091
   327	0.00091
    78	0.00091
   599	0.00091
   148	0.00091
    43	0.00091
   158	0.00091
   249	0.00091
   152	0.00091
    27	0.00091
  3730	0.00091
    93	0.00091
  1878	0.00091
   933	0.00091
  2157	0.00091
   591	0.00091
    64	0.00091
   587	0.00091
     2	0.00091
  1650	0.00091
  3093	0.00091
     2	0.00091
    86	0.00091
    43	0.00091
     4	0.00091
   676	0.00091
    49	0.00120
  1208	0.00120
    25	0.00120
   929	0.00120
    20	0.00120
   317	0.00120
    27	0.00120
   141	0.00120
    90	0.00120
    28	0.00120
   214	0.00120
     4	0.00120
    17	0.00120
    82	0.00120
  1770	0.00120
   101	0.00120
    18	0.00120
   234	0.00120
    60	0.00120
     3	0.00120
   860	0.00120
    31	0.00120
  4174	0.00120
   520	0.00120
    43	0.00120
   372	0.00120
  1526	0.00120
   158	0.00120
   103	0.00120
    45	0.00120
   759	0.00120
   683	0.00120
    50	0.00120
  1029	0.00120
  1659	0.00120
  1156	0.00120
     2	0.00120
    72	0.00120
   831	0.00120
  1311	0.00120
    14	0.00120
   143	0.00120
    18	0.00120
    26	0.00120
   154	0.00120
   632	0.00120
  1167	0.00120
    12	0.00120
     2	0.00120
    13	0.00120
   103	0.00120
  3849	0.00120
  2701	0.00120
   144	0.00120
  4584	0.00120
   169	0.00120
  1699	0.00120
   534	0.00120
    17	0.00120
    20	0.00120
  2622	0.00120
  1264	0.00120
   228	0.00120
    15	0.00120
  1413	0.00120
   877	0.00120
   134	0.00120
   808	0.00120
  1841	0.00120
    82	0.00120
    19	0.00120
   273	0.00120
    16	0.00120
    20	0.00120
    16	0.00120
   313	0.00120
  3723	0.00120
   990	0.00120
    28	0.00120
  1269	0.00120
    26	0.00120
    13	0.00120
     3	0.00120
    54	0.00120
     2	0.00120
    20	0.00120
   154	0.00120
  3659	0.00120
    23	0.00120
   773	0.00120
   449	0.00120
    80	0.00120
  1474	0.00120
    736384
   18
