 143
    11	0.01108
    68	0.01108
     4	0.01108
   963	0.01108
   255	0.01108
   192	0.01108
    23	0.01108
   167	0.01108
     2	0.01108
    11	0.01108
  1339	0.01108
    85	0.01108
    12	0.01108
   358	0.01108
   141	0.01108
  2104	0.01108
  1642	0.01108
    52	0.01108
 17406	0.01108
   163	0.01108
   118	0.01108
    29	0.01108
   139	0.01108
  2223	0.01108
  1253	0.01108
   308	0.01108
   939	0.01108
  2907	0.01108
  2954	0.01108
   307	0.01108
  2536	0.01726
  1016	0.01726
  4199	0.01726
  3235	0.01726
  1340	0.01726
   919	0.01726
   160	0.01726
  2467	0.01726
    85	0.01726
   977	0.01726
  2802	0.01726
  2841	0.01726
     9	0.01726
  1681	0.01726
   437	0.01726
     4	0.01726
  4276	0.01726
   748	0.01726
  2810	0.01726
    10	0.01726
    64	0.01726
  2814	0.01726
   631	0.01726
   647	0.01726
  3054	0.01726
  2290	0.01726
 11121	0.01726
    64	0.01726
   134	0.01726
  1210	0.01726
  1155	0.01726
   565	0.01726
     8	0.00965
    28	0.00965
  3627	0.00965
    67	0.00965
    43	0.00965
    13	0.00965
   583	0.00965
  3168	0.00965
   314	0.00965
   114	0.00965
   790	0.00965
  3973	0.00965
   150	0.00965
  5648	0.00965
   212	0.00965
   151	0.00965
    95	0.00965
    54	0.00965
    76	0.00965
   359	0.00965
  9834	0.00965
  1133	0.00965
  1306	0.00965
    34	0.00965
    14	0.00965
  1008	0.00965
   671	0.00965
     5	0.00965
    60	0.00965
  1307	0.00965
    85	0.00965
  1340	0.00965
   261	0.00965
   235	0.00965
   339	0.00965
   715	0.00965
  1058	0.00965
   150	0.00965
     8	0.00965
    32	0.00965
   188	0.00965
  3294	0.00965
    70	0.00965
   394	0.00965
  1085	0.00965
    20	0.00965
    94	0.00965
  5345	0.00965
   199	0.00965
   193	0.00965
  1855	0.00965
   480	0.00965
  8331	0.00965
    41	0.00965
  1033	0.00965
    87	0.00965
    80	0.00965
    51	0.00965
  3583	0.00965
    63	0.00965
    78	0.00965
  1363	0.00965
  5114	0.00965
   353	0.00965
   192	0.00965
   149	0.00965
   187	0.00965
   166	0.00965
 12256	0.00965
  2769	0.00965
  1970	0.00965
   889	0.00965
    55	0.00965
  5736	0.00965
   424	0.00965
  5336	0.00965
   457	0.00965
    20	0.00965
  5469	0.00965
  1972	0.00965
   891	0.00965
    876941
   17
