 160
   982	0.01060
   227	0.01060
   267	0.01060
   175	0.01060
   159	0.01060
    48	0.01060
    57	0.01060
    13	0.01060
     3	0.01060
    20	0.01060
  1450	0.01060
    39	0.01060
   465	0.01060
    22	0.01060
     8	0.01060
  1801	0.01060
   669	0.01060
    23	0.01060
   244	0.01060
     6	0.01060
    22	0.01060
   130	0.01060
    32	0.01060
    34	0.01060
   220	0.01060
   406	0.01060
  3945	0.01060
  1675	0.01060
   169	0.01060
   254	0.01060
   466	0.01060
    16	0.01060
   474	0.01060
 14096	0.01060
     7	0.01060
     2	0.01060
   316	0.01060
  1655	0.01060
    90	0.01060
   195	0.01060
   438	0.01060
   166	0.01060
    11	0.01718
   165	0.01718
   326	0.01718
   353	0.01718
   395	0.01718
    30	0.01718
    13	0.01718
    14	0.01718
    22	0.01718
   364	0.01718
    80	0.01718
   258	0.01718
  2254	0.01718
   103	0.01718
   437	0.01718
    57	0.01718
    48	0.01718
    24	0.01718
    16	0.01718
    32	0.01718
    27	0.01718
    45	0.01718
   439	0.01718
   194	0.01718
     2	0.01718
    48	0.01718
    12	0.01718
    67	0.01718
    15	0.01718
    90	0.01718
   709	0.01718
     2	0.01718
   367	0.01718
    82	0.01718
   333	0.01718
   146	0.01718
   130	0.01718
   292	0.01718
    86	0.01718
    12	0.01718
    12	0.01181
    36	0.01181
   149	0.01181
     3	0.01181
   238	0.01181
    42	0.01181
   186	0.01181
    18	0.01181
  1216	0.01181
    65	0.01181
   219	0.01181
    43	0.01181
   114	0.01181
    31	0.01181
    24	0.01181
    94	0.01181
    35	0.01181
   181	0.01181
   144	0.01181
     3	0.01181
   170	0.01181
    21	0.01181
    49	0.01181
    55	0.01181
    29	0.01181
   187	0.01181
    14	0.01181
     2	0.01181
   915	0.01181
    43	0.01181
   527	0.01181
   765	0.01181
   723	0.01181
    63	0.01181
    51	0.01181
   170	0.01181
     4	0.01181
   337	0.01181
    63	0.01181
    24	0.01181
    13	0.01181
   167	0.01181
   215	0.01181
    72	0.01181
    13	0.01181
   124	0.01181
   280	0.01181
    50	0.01181
   959	0.01181
    90	0.01181
   310	0.01181
    81	0.01181
   312	0.01181
   235	0.01181
     3	0.01181
   492	0.01181
   251	0.01181
    23	0.01181
    79	0.01181
    21	0.01181
   799	0.01181
   279	0.01181
    25	0.01181
    45	0.01181
    48	0.01181
   169	0.01181
   143	0.01181
   141	0.01181
   444	0.01181
    13	0.01181
    45	0.01181
   697	0.01181
    19	0.01181
   569	0.01181
   570	0.01181
   259	0.01181
   865	0.01181
  1076	0.01181
    876941
   19
