 149
   159	0.01091
    14	0.01091
  1442	0.01091
   351	0.01091
    16	0.01091
   767	0.01091
   346	0.01091
    13	0.01091
    42	0.01091
    10	0.01091
    86	0.01091
    38	0.01091
    45	0.01091
   307	0.01091
    57	0.01091
     2	0.01091
    22	0.01091
   763	0.01091
    19	0.01091
   571	0.01091
     4	0.01091
   875	0.01091
    13	0.01091
   162	0.01091
   111	0.01091
    13	0.01091
   536	0.01091
  2844	0.01091
    13	0.01091
     2	0.01091
     4	0.01091
   144	0.01091
    33	0.01091
     5	0.01091
   114	0.01091
    61	0.01091
    36	0.01091
   305	0.01091
   124	0.01091
     2	0.01091
    19	0.01091
   134	0.01091
     2	0.01091
   507	0.01091
     3	0.01091
    85	0.01091
     5	0.01091
    17	0.01163
  1236	0.01163
   255	0.01163
   315	0.01163
   189	0.01163
   215	0.01163
    12	0.01163
   370	0.01163
    39	0.01163
   270	0.01163
   255	0.01163
   190	0.01163
   398	0.01163
    22	0.01163
     3	0.01163
   309	0.01163
    79	0.01163
    66	0.01163
     5	0.01163
   192	0.01163
  2206	0.01163
     2	0.01163
   697	0.01163
   190	0.01163
    18	0.01163
     8	0.01163
     9	0.01163
    99	0.01163
  1146	0.01163
  1195	0.01163
    10	0.01163
   126	0.01163
   102	0.01163
    25	0.01163
   186	0.01163
     3	0.01163
     5	0.01163
    77	0.00908
    98	0.00908
   160	0.00908
    13	0.00908
     3	0.00908
   156	0.00908
   210	0.00908
   589	0.00908
   125	0.00908
   277	0.00908
   205	0.00908
   902	0.00908
    80	0.00908
   201	0.00908
     4	0.00908
  1017	0.00908
    20	0.00908
     3	0.00868
   214	0.00868
   666	0.00868
   120	0.00868
     5	0.00868
    81	0.00868
     7	0.00868
    80	0.00868
  1313	0.00868
    48	0.00868
     4	0.00868
   143	0.00868
   107	0.00868
   658	0.00868
   314	0.00868
    10	0.00868
     2	0.00868
     2	0.00868
   127	0.00868
   126	0.00868
    11	0.00868
    93	0.00868
     5	0.00868
  1450	0.00801
     2	0.00801
     4	0.00801
   274	0.00801
  1041	0.00801
   853	0.00801
     6	0.00801
    93	0.00801
    88	0.00801
   788	0.00801
    82	0.00801
  2162	0.00801
     8	0.00801
   203	0.00801
   110	0.00801
   755	0.00801
  1024	0.00801
   595	0.00801
   354	0.00801
     7	0.00801
   228	0.00801
   887	0.00801
    57	0.00801
   644	0.00801
    67	0.00801
   1495096
   19
