  75
   108	0.01193
    46	0.01193
   173	0.01193
    25	0.01193
   278	0.01193
   875	0.01193
     6	0.01193
   217	0.01193
   256	0.01193
   765	0.01193
   301	0.01193
   112	0.01765
    39	0.01765
    45	0.01765
    16	0.01765
    15	0.01765
    24	0.01765
   531	0.01765
    22	0.01765
   499	0.01765
     6	0.01765
    76	0.01765
   384	0.01765
    48	0.01765
    11	0.01765
     3	0.01765
   525	0.01765
   109	0.01765
    20	0.01765
   159	0.01765
    36	0.01765
   162	0.01765
   220	0.01765
   772	0.01765
   437	0.01765
   152	0.01765
   366	0.01765
   395	0.01424
    48	0.01424
    10	0.01424
    15	0.01424
  1688	0.01424
   304	0.01424
     4	0.01424
     6	0.01424
    44	0.01424
    63	0.01424
   180	0.01424
    15	0.01424
   274	0.01424
     6	0.01424
    15	0.01424
   262	0.01424
     7	0.01424
    79	0.01424
    14	0.01424
    80	0.01424
    90	0.01424
   269	0.01424
    79	0.01424
     7	0.01424
   121	0.01424
    37	0.01424
    24	0.01424
   268	0.01424
    45	0.01424
     2	0.01424
    34	0.01424
   240	0.01424
   486	0.01424
     2	0.01424
    22	0.01424
    67	0.01424
   304	0.01424
   341	0.01424
    876941
   17
