  72
   134	0.00408
     2	0.00408
    38	0.00408
    52	0.00408
    59	0.00408
   562	0.00408
  1060	0.00408
   322	0.00408
    29	0.00408
   211	0.00408
    30	0.00408
   135	0.00408
   574	0.00408
   187	0.00408
   157	0.00408
     9	0.00408
   394	0.00408
    44	0.00408
  1110	0.00408
   216	0.00408
   165	0.00408
   218	0.00408
   113	0.00408
   130	0.00408
     8	0.00408
    90	0.00408
    97	0.00408
    18	0.00408
    10	0.00408
    81	0.00408
   248	0.00408
   288	0.00408
   531	0.00408
    13	0.00408
    22	0.00408
   813	0.00408
   397	0.00408
    60	0.00408
   425	0.00408
   882	0.00408
    55	0.00408
  2290	0.00408
   150	0.00408
     5	0.00408
   236	0.00408
   627	0.00408
   205	0.00408
    25	0.00408
    30	0.00408
   223	0.00408
  1241	0.00408
   890	0.00408
     4	0.00408
    22	0.00408
   176	0.00408
     8	0.00408
  1226	0.00408
    58	0.00408
  1875	0.00408
     7	0.00408
    19	0.00408
     7	0.00408
    14	0.00408
     6	0.00408
  2141	0.00408
   194	0.00408
   171	0.00408
   526	0.00408
   231	0.00408
    11	0.00408
   166	0.00408
    10	0.00408
    394367
   12
