 340
    46	0.00820
     7	0.00820
    56	0.00820
    64	0.00820
  1706	0.00820
     9	0.00820
   594	0.00820
     9	0.00820
    25	0.00820
    19	0.00820
    49	0.00820
   132	0.00820
     6	0.00820
    58	0.00820
   101	0.00820
    29	0.00820
    86	0.00820
     4	0.00820
   226	0.00820
    23	0.00820
    19	0.00820
    70	0.00820
   149	0.00820
   337	0.00820
   155	0.00820
   181	0.00820
    75	0.00820
   230	0.00820
    23	0.00820
    10	0.00820
   516	0.00820
    34	0.00820
   106	0.00820
   133	0.00820
   886	0.00820
    23	0.00820
   867	0.00820
   304	0.00820
    86	0.00820
   101	0.00820
     7	0.00820
    25	0.00820
     6	0.00820
   115	0.00820
   377	0.00820
   117	0.00820
   247	0.00820
    14	0.00820
    27	0.00820
    36	0.00820
    62	0.00820
    13	0.00820
    16	0.00820
     9	0.00820
    25	0.00820
     7	0.00820
     7	0.00820
    22	0.00820
   438	0.00758
     8	0.00758
     5	0.00758
    26	0.00758
    25	0.00758
   813	0.00758
   471	0.00758
    55	0.00758
   166	0.00758
    34	0.00758
    12	0.00758
    46	0.00758
    12	0.00758
  1781	0.00758
    16	0.00758
   191	0.00758
    41	0.00758
     8	0.00758
   310	0.00758
  5961	0.00758
    25	0.00758
    89	0.00758
     4	0.00758
     8	0.00758
    32	0.00758
    46	0.00758
  1094	0.00758
    57	0.00758
     6	0.00758
     6	0.00758
    83	0.00758
    47	0.00758
   111	0.00758
     4	0.00758
     8	0.00758
   636	0.00758
   462	0.00758
    73	0.00758
   101	0.00758
    87	0.00758
   401	0.00758
     4	0.00758
    12	0.00758
     3	0.00758
    33	0.00758
   391	0.00758
    37	0.00758
     4	0.00758
    21	0.00758
    13	0.00758
   323	0.00758
    66	0.00758
    12	0.00758
    21	0.00758
    85	0.00758
    25	0.00758
   148	0.00758
    12	0.00758
   197	0.00758
    25	0.00758
    10	0.00758
    14	0.00758
   682	0.00758
     2	0.00758
   365	0.00758
   312	0.00758
     5	0.00595
    29	0.00595
   377	0.00595
     3	0.00595
    58	0.00595
    82	0.00595
   218	0.00595
   221	0.00595
    12	0.00595
     2	0.00595
   193	0.00595
   177	0.00595
     4	0.00595
    59	0.00595
   374	0.00595
   301	0.00595
     7	0.00595
    32	0.00595
   391	0.00595
    59	0.00595
   440	0.00595
    14	0.00595
    64	0.00595
   132	0.00595
     4	0.00595
  2310	0.00595
  1643	0.00595
   181	0.00595
    12	0.00595
    17	0.00595
   301	0.00595
   177	0.00595
     2	0.00595
    82	0.00595
   783	0.00595
     3	0.00595
     2	0.00595
   193	0.00595
    93	0.00595
     7	0.00595
   106	0.00595
   199	0.00595
    15	0.00595
    17	0.00595
    43	0.00595
     8	0.00595
   332	0.00595
    33	0.00595
     7	0.00595
    86	0.00595
    43	0.00595
     8	0.00595
   332	0.00595
    20	0.00595
    56	0.00595
    11	0.00602
    40	0.00602
     2	0.00602
   120	0.00602
     6	0.00602
     7	0.00602
     6	0.00602
     2	0.00602
    29	0.00602
    44	0.00602
     7	0.00602
     2	0.00602
    17	0.00602
    57	0.00602
     2	0.00602
     2	0.00602
   129	0.00602
    29	0.00602
   171	0.00602
    22	0.00602
   337	0.00602
    43	0.00602
   413	0.00602
   222	0.00602
    12	0.00602
    61	0.00602
   146	0.00602
    82	0.00602
   679	0.00602
     3	0.00602
  1335	0.00602
    82	0.00602
     3	0.00602
    20	0.00602
   116	0.00602
     3	0.00602
    44	0.00602
     7	0.00602
    17	0.00602
   247	0.00602
   116	0.00602
   195	0.00602
   202	0.00602
     3	0.00602
    37	0.00602
    66	0.00602
   721	0.00602
     6	0.00602
     2	0.00602
    29	0.00602
   293	0.00602
     2	0.00602
   106	0.00602
   188	0.00602
     6	0.00602
   236	0.00602
   283	0.00602
    32	0.00602
     8	0.00602
   140	0.00602
    27	0.00602
     3	0.00602
     2	0.00602
     9	0.00602
     3	0.00602
    37	0.00602
    20	0.00602
  1182	0.00602
    17	0.00602
   379	0.00602
  2599	0.00576
   191	0.00576
   225	0.00576
   661	0.00576
 11379	0.00576
   104	0.00576
   474	0.00576
   796	0.00576
    53	0.00576
   166	0.00576
   867	0.00576
    64	0.00576
  1881	0.00576
    72	0.00576
   250	0.00576
   118	0.00576
     2	0.00576
    81	0.00576
   367	0.00576
   268	0.00576
  1327	0.00576
    10	0.00576
  2700	0.00576
     2	0.00576
  2074	0.00576
   300	0.00576
    63	0.00576
    23	0.00576
    31	0.00576
    38	0.00576
  2015	0.00576
    22	0.00576
  1044	0.00576
   192	0.00576
   228	0.00576
    86	0.00576
    35	0.00576
  1140	0.00576
   737	0.00576
    31	0.00576
  1934	0.00576
   753	0.00576
    10	0.00576
    93	0.00576
   341	0.00576
   328	0.00576
   170	0.00576
   642	0.00576
  1729	0.00576
    31	0.00576
  2508	0.00576
   191	0.00576
    30	0.00576
     2	0.00576
  1135	0.00576
    51	0.00576
   341	0.00576
   328	0.00576
   676	0.00576
   170	0.00576
    55	0.00576
   388	0.00576
  2197	0.00576
   659	0.00576
    30	0.00576
    80	0.00576
     2	0.00576
   502	0.00576
   100	0.00576
  2067	0.00576
   339	0.00576
    39	0.00576
   170	0.00576
    16	0.00576
  1038	0.00576
    66	0.00576
   104	0.00576
  5153	0.00576
  1440	0.00576
    16	0.00576
  1168	0.00576
  1881	0.00576
   649	0.00576
     8	0.00576
   497	0.00576
    93	0.00576
    90	0.00576
    66	0.00576
    33	0.00576
   240	0.00576
  1758	0.00576
   1462494
   23
