  39
   109	0.01623
   346	0.01623
   352	0.01623
    28	0.01623
    12	0.01623
    29	0.01623
   136	0.01623
    10	0.01623
   988	0.01623
    28	0.01623
     2	0.01623
    88	0.01623
    51	0.01623
    31	0.01623
   109	0.01623
    23	0.01623
   233	0.01623
   139	0.01623
   274	0.01623
    14	0.01623
   401	0.01623
   903	0.01623
    25	0.01623
    10	0.01623
    50	0.01623
    56	0.01623
   755	0.01623
   210	0.01623
  1486	0.01623
    56	0.01623
   139	0.01623
    42	0.01623
   879	0.01623
   887	0.01623
   894	0.01623
   282	0.01623
   210	0.01623
    18	0.01623
   356	0.01623
    259516
   25
