 724
   179	0.00024
   675	0.00024
  6313	0.00024
  2047	0.00024
 21560	0.00024
  1110	0.00024
 14146	0.00024
  9291	0.00024
     5	0.00024
   119	0.00024
    30	0.00024
  2400	0.00024
  2109	0.00024
  1486	0.00024
 64761	0.00024
 52384	0.00024
     5	0.00028
  1144	0.00028
 20475	0.00028
   232	0.00028
   283	0.00028
   848	0.00028
    44	0.00028
  1943	0.00028
  1034	0.00028
    70	0.00028
   374	0.00028
   407	0.00028
  3013	0.00028
  7511	0.00028
  1407	0.00028
  2056	0.00028
  1832	0.00028
  2036	0.00028
 31435	0.00028
    91	0.00028
 19007	0.00028
  9891	0.00028
  8537	0.00028
    40	0.00028
  3877	0.00028
   914	0.00028
    14	0.00028
  4154	0.00028
  9706	0.00028
 23718	0.00028
   223	0.00028
    70	0.00060
  9229	0.00060
  1193	0.00060
 12299	0.00060
216061	0.00060
  1836	0.00060
     5	0.00060
    65	0.00060
  3605	0.00060
   569	0.00060
  7483	0.00060
  1192	0.00060
  5490	0.00060
     7	0.00060
   814	0.00060
  5654	0.00060
   723	0.00060
  5504	0.00060
    33	0.00060
    54	0.00060
   136	0.00060
 29992	0.00060
  7265	0.00060
 13871	0.00060
  2033	0.00060
 17592	0.00060
  3357	0.00060
138208	0.00025
  4244	0.00025
   393	0.00025
     4	0.00025
   193	0.00025
    22	0.00025
   260	0.00025
112795	0.00025
243913	0.00025
  3662	0.00036
    18	0.00036
  2009	0.00036
  3038	0.00036
 78551	0.00036
    21	0.00036
  2410	0.00036
  1687	0.00036
   229	0.00036
   391	0.00036
   119	0.00036
   999	0.00036
   426	0.00036
 22043	0.00036
  7179	0.00036
   296	0.00036
  1733	0.00036
  1813	0.00036
 27871	0.00036
125971	0.00036
  3536	0.00041
  1188	0.00041
 16350	0.00041
 11159	0.00041
  2003	0.00041
   180	0.00041
  1444	0.00041
   452	0.00041
  3214	0.00041
   193	0.00041
  3930	0.00041
   891	0.00041
    22	0.00041
  3057	0.00041
  6063	0.00041
   565	0.00041
 12657	0.00041
     2	0.00041
  5834	0.00041
  1978	0.00041
   443	0.00041
 10503	0.00041
   468	0.00041
   367	0.00041
  7858	0.00041
   160	0.00041
 10043	0.00041
   534	0.00041
   235	0.00041
 12839	0.00041
    19	0.00081
 18547	0.00081
  6799	0.00081
  2859	0.00081
  7579	0.00081
  1243	0.00081
  5515	0.00081
  3908	0.00081
 10843	0.00081
  6589	0.00081
   839	0.00081
  1349	0.00081
  1722	0.00081
  1925	0.00081
     2	0.00081
  2608	0.00081
  4668	0.00081
 10837	0.00081
  2198	0.00081
 83810	0.00081
 65869	0.00081
 14632	0.00081
    74	0.00081
  7313	0.00081
   550	0.00081
  6677	0.00081
  3109	0.00081
 11888	0.00081
 54956	0.00167
  2304	0.00167
   271	0.00167
 10295	0.00167
  3877	0.00167
  4401	0.00167
  6970	0.00167
  5388	0.00167
  3830	0.00167
 14574	0.00167
  4055	0.00167
  3460	0.00167
  1214	0.00167
  4659	0.00167
    13	0.00167
  2322	0.00167
    14	0.00167
    93	0.00167
  6979	0.00167
  1141	0.00167
  2103	0.00167
  6617	0.00167
   206	0.00167
 12259	0.00167
  4599	0.00167
 10851	0.00167
  4506	0.00167
  3093	0.00167
  7214	0.00167
    21	0.00167
  2362	0.00167
  3697	0.00167
  8679	0.00167
 14255	0.00167
  5748	0.00167
   363	0.00167
  3971	0.00167
     2	0.00167
  1086	0.00167
  1404	0.00167
     4	0.00167
  5211	0.00167
  4085	0.00167
   431	0.00167
   592	0.00167
  2876	0.00167
  6268	0.00167
  9696	0.00167
  3624	0.00167
    26	0.00167
  8072	0.00167
  2466	0.00167
  4817	0.00167
  2720	0.00167
  4448	0.00167
  2279	0.00167
  1135	0.00167
  1178	0.00167
  1216	0.00167
  2348	0.00167
   415	0.00167
     2	0.00167
  5356	0.00167
  2714	0.00145
     7	0.00145
  1062	0.00145
   168	0.00145
  2632	0.00145
  1281	0.00145
  3464	0.00145
  2560	0.00145
  3272	0.00145
  6739	0.00145
 14231	0.00145
   181	0.00145
    88	0.00145
  5512	0.00145
    12	0.00145
  2044	0.00145
     2	0.00145
  3798	0.00145
  1188	0.00145
  2193	0.00145
  6489	0.00145
 12533	0.00145
 13047	0.00145
  3087	0.00145
  1256	0.00145
  1266	0.00145
    32	0.00145
  4368	0.00145
  1729	0.00145
   670	0.00145
  4005	0.00145
  4091	0.00145
  2542	0.00145
  2770	0.00145
    32	0.00145
  1702	0.00145
 10955	0.00145
 14524	0.00145
    34	0.00145
  6750	0.00145
  4666	0.00145
  4398	0.00145
  2812	0.00145
    80	0.00145
   943	0.00145
  4256	0.00145
  3551	0.00145
  2081	0.00145
  1092	0.00145
  4169	0.00145
   490	0.00145
   213	0.00145
  2173	0.00145
  5797	0.00145
  1188	0.00145
   558	0.00145
   991	0.00145
 11200	0.00145
  3205	0.00145
    11	0.00145
  2690	0.00145
  3757	0.00145
   294	0.00145
   962	0.00145
  7646	0.00145
     2	0.00145
  4044	0.00145
  5158	0.00145
  1952	0.00145
  6048	0.00145
  2579	0.00145
  5037	0.00145
     4	0.00145
 11606	0.00145
  7714	0.00115
 23261	0.00115
  2781	0.00115
   242	0.00115
  4020	0.00115
   167	0.00115
     3	0.00115
   208	0.00115
   886	0.00115
  9019	0.00115
     5	0.00115
  2195	0.00115
   883	0.00115
  2251	0.00115
  6117	0.00115
  1256	0.00115
  4272	0.00115
  5941	0.00115
  1106	0.00115
   145	0.00115
   484	0.00115
  7007	0.00115
  2580	0.00115
  2240	0.00115
  1525	0.00115
  4348	0.00115
  4931	0.00115
   274	0.00115
     6	0.00115
  9787	0.00115
  4490	0.00115
  2732	0.00115
   242	0.00115
    37	0.00115
  3766	0.00115
  5232	0.00115
  2312	0.00115
  2787	0.00115
  4451	0.00115
  1497	0.00115
  7385	0.00115
    45	0.00115
  3373	0.00115
   848	0.00115
  3795	0.00115
  2693	0.00115
   644	0.00115
  2001	0.00115
  2197	0.00115
 20092	0.00115
   542	0.00115
  3668	0.00115
   539	0.00115
  3734	0.00115
  3006	0.00115
   343	0.00115
  1117	0.00115
  6955	0.00115
   448	0.00115
   517	0.00115
  4119	0.00115
  4413	0.00115
 14706	0.00115
  5575	0.00115
  1858	0.00135
   640	0.00135
   846	0.00135
  2792	0.00135
  1205	0.00135
  1018	0.00135
   301	0.00135
   329	0.00135
  1463	0.00135
  4409	0.00135
  1620	0.00135
  2631	0.00135
   449	0.00135
   190	0.00135
   293	0.00135
    68	0.00135
   921	0.00135
   393	0.00135
  3709	0.00135
 34312	0.00135
   305	0.00135
  1030	0.00135
  3798	0.00135
  2414	0.00135
  3945	0.00135
    16	0.00135
   140	0.00135
  5061	0.00135
   153	0.00135
   730	0.00135
  5233	0.00135
    15	0.00135
  6902	0.00135
  7862	0.00135
  4401	0.00135
   984	0.00135
     9	0.00135
  3557	0.00135
  4969	0.00135
  3414	0.00135
  7964	0.00135
    56	0.00135
  3996	0.00135
  3115	0.00135
   844	0.00135
  2955	0.00135
     6	0.00135
    11	0.00135
    62	0.00135
  1417	0.00135
   380	0.00135
   923	0.00135
    90	0.00135
   662	0.00135
   152	0.00135
  1200	0.00135
   226	0.00135
  4455	0.00135
  6254	0.00135
   385	0.00135
   468	0.00135
   454	0.00135
  2489	0.00135
   491	0.00135
    11	0.00135
   458	0.00135
  1103	0.00135
   298	0.00135
   351	0.00135
   516	0.00135
  5876	0.00135
  1708	0.00135
   473	0.00135
  2130	0.00135
  1897	0.00105
  1044	0.00105
  2880	0.00105
  1056	0.00105
   971	0.00105
  1218	0.00105
    43	0.00105
  2754	0.00105
   589	0.00105
   106	0.00105
  2503	0.00105
    61	0.00105
 12271	0.00105
    31	0.00105
  2310	0.00105
  1910	0.00105
 10979	0.00105
  1385	0.00105
   519	0.00105
   358	0.00105
  2439	0.00105
   477	0.00105
   541	0.00105
  1342	0.00105
  2279	0.00105
   797	0.00105
     3	0.00105
  3324	0.00105
   169	0.00105
  1306	0.00105
    22	0.00105
   876	0.00105
    82	0.00105
  1632	0.00105
   857	0.00105
  1120	0.00105
   648	0.00105
   642	0.00105
  1349	0.00105
  1971	0.00105
  3411	0.00105
   109	0.00105
  1381	0.00105
   211	0.00105
  1014	0.00105
   110	0.00257
   133	0.00257
   177	0.00257
    39	0.00257
  1001	0.00257
  1156	0.00257
   427	0.00257
    12	0.00257
    85	0.00257
  2935	0.00257
  1526	0.00257
     2	0.00257
  1471	0.00257
     4	0.00257
  1830	0.00257
   178	0.00257
  1816	0.00257
  3403	0.00257
   927	0.00257
   588	0.00257
   203	0.00257
     2	0.00257
     5	0.00257
  1544	0.00257
  1197	0.00257
   709	0.00257
  1086	0.00257
   374	0.00257
   824	0.00257
   238	0.00257
   159	0.00257
  3487	0.00257
  4008	0.00257
  5001	0.00257
    17	0.00257
   185	0.00257
     2	0.00257
  1721	0.00257
     7	0.00257
   143	0.00257
     5	0.00257
  3677	0.00257
    56	0.00257
  1520	0.00257
   446	0.00257
    12	0.00257
   291	0.00257
  1021	0.00257
  1869	0.00257
  1630	0.00257
  1652	0.00257
  2449	0.00257
   732	0.00257
   104	0.00257
   233	0.00257
   110	0.00257
  1033	0.00257
   770	0.00257
   567	0.00257
   100	0.00257
   770	0.00257
  9840	0.00257
   300	0.00257
  5937	0.00257
   105	0.00257
  4349	0.00257
   253	0.00257
  6996	0.00257
   998	0.00257
   118	0.00257
   123	0.00668
   554	0.00668
     3	0.00668
    46	0.00668
  1107	0.00668
   371	0.00668
    74	0.00668
   285	0.00668
   940	0.00668
   107	0.00668
     2	0.00668
   241	0.00668
     2	0.00668
   190	0.00668
   440	0.00668
   805	0.00668
   335	0.00668
   623	0.00668
   321	0.00668
   642	0.00668
    48	0.00668
     5	0.00668
   240	0.00668
   364	0.00668
   142	0.00668
   481	0.00668
   114	0.00668
   276	0.00668
   253	0.00668
  1377	0.00668
    41	0.00668
    12	0.00668
   123	0.00668
    32	0.00668
   944	0.00668
   338	0.00668
    49	0.00668
   757	0.00668
     2	0.00668
  1934	0.00668
   248	0.00668
   400	0.00668
     2	0.00668
    91	0.00668
    61	0.00668
   365	0.00668
    10	0.00668
    47	0.00668
   195	0.00668
   198	0.00668
   847	0.00668
   480	0.00668
   292	0.00668
  1109	0.00668
   432	0.00668
  1752	0.00668
   885	0.00668
  1892	0.00668
   841	0.00668
    10	0.00668
  2315	0.00668
    21	0.00668
  1948	0.00668
  2153	0.00668
   196	0.00668
  1983	0.00668
    52	0.00668
   798	0.00668
   158	0.00668
   282	0.00668
   261	0.00668
    34	0.00668
  3168	0.00668
   180	0.00668
    69	0.00668
  1728	0.00668
   401	0.00668
  4880	0.00668
   462	0.00668
  1405	0.00668
  1733	0.00668
   656	0.00668
   217	0.00668
  1922	0.00668
   619	0.00668
     2	0.00668
    20	0.00668
  1296	0.00668
   175	0.00668
  6938	0.00668
  1646	0.00668
  1580	0.00894
  1265	0.00894
   762	0.00894
   222	0.00894
  1599	0.00894
  1811	0.00894
     5	0.00894
    15	0.00894
    11	0.00894
     4	0.00894
   309	0.00894
  1300	0.00894
    46	0.00894
  1354	0.00894
   307	0.00894
  1292	0.00894
   171	0.00894
   361	0.00894
    97	0.00894
   145	0.00894
   649	0.00894
  1420	0.00894
  3052	0.00894
  5779	0.00894
   135	0.00894
  1804	0.00894
  2344	0.00894
     9	0.00894
   131	0.00894
     8	0.00894
   169	0.00894
   513	0.00894
    10	0.00894
    28	0.00894
    40	0.00894
   196	0.00894
   283	0.00894
   140	0.00894
   947	0.00894
   289	0.01635
     2	0.01635
    18	0.01635
  3500	0.01635
  1973	0.01635
   355	0.01635
   868	0.01635
  1278	0.01635
  2449	0.01635
     5	0.01635
  1715	0.01635
    56	0.01635
    14	0.01635
   292	0.01635
   497	0.01635
   145	0.01635
   896	0.00905
   454	0.00905
    64	0.00905
    67	0.00905
   425	0.00905
     6	0.00905
  1703	0.00905
  4253	0.00905
  2164	0.00905
   612	0.00905
   757	0.00905
    55	0.00905
   145	0.00905
   674	0.00905
  3703	0.00905
  1288	0.00905
   207	0.00905
    23	0.00905
    47	0.00905
  1506	0.00905
  1928	0.00905
   429	0.00905
   279	0.00905
   298	0.00905
  1189	0.00905
    10	0.00905
     6	0.00905
   4313636
   17
