 167
 58706	0.00007
    86	0.00007
 21996	0.00007
 93494	0.00007
132469	0.00007
104225	0.00007
    50	0.00013
  9273	0.00013
 40563	0.00013
   401	0.00013
 73823	0.00013
  5884	0.00013
 13113	0.00013
    50	0.00013
  9974	0.00013
 42438	0.00013
  2914	0.00013
 94516	0.00013
  8371	0.00013
 20148	0.00013
 75010	0.00013
 23854	0.00013
  9296	0.00013
    17	0.00013
 23415	0.00013
 69718	0.00013
   909	0.00013
   126	0.00013
 11883	0.00013
  9615	0.00013
   355	0.00013
 11772	0.00013
   527	0.00013
 17796	0.00013
 14548	0.00013
 16090	0.00013
 20398	0.00013
128434	0.00013
  9771	0.00013
 26379	0.00020
 47976	0.00020
 25146	0.00020
   772	0.00020
 21812	0.00020
 14822	0.00020
    81	0.00020
    43	0.00020
 43758	0.00020
 32551	0.00020
 48127	0.00020
100817	0.00020
  6059	0.00020
  5346	0.00020
183989	0.00020
  9799	0.00024
 98689	0.00024
    21	0.00024
   169	0.00024
  3222	0.00024
   563	0.00024
 11242	0.00024
 19321	0.00024
  1543	0.00024
   524	0.00024
  6793	0.00024
 28965	0.00024
 47087	0.00024
    21	0.00024
  1393	0.00024
 10806	0.00024
  1951	0.00024
  6504	0.00024
  3853	0.00024
    57	0.00024
  6387	0.00024
 10143	0.00024
  2178	0.00024
 25880	0.00024
  2117	0.00024
  1327	0.00024
   108	0.00024
  4294	0.00024
     2	0.00024
174143	0.00024
  2199	0.00024
  1558	0.00024
  2404	0.00024
  4618	0.00024
  6157	0.00024
  2335	0.00026
  9986	0.00026
 26385	0.00026
   545	0.00026
  5421	0.00026
 15396	0.00026
 28482	0.00026
  8208	0.00026
    67	0.00026
 14364	0.00026
    17	0.00026
 10472	0.00026
  9200	0.00026
 46684	0.00026
 30123	0.00026
  1932	0.00026
  6762	0.00026
 32169	0.00026
 31537	0.00026
 19329	0.00026
  2120	0.00026
  3795	0.00026
 13438	0.00026
    63	0.00026
  1313	0.00026
     8	0.00026
 18752	0.00026
 26579	0.00026
 11541	0.00026
  6342	0.00026
  4218	0.00026
 12792	0.00026
 25362	0.00026
  3564	0.00026
    27	0.00026
   406	0.00026
 17052	0.00026
 30227	0.00026
   286	0.00026
  4847	0.00026
 10756	0.00026
  2240	0.00026
  3546	0.00026
    60	0.00026
  6174	0.00026
  5187	0.00018
  4604	0.00018
  7586	0.00018
 31269	0.00018
  2341	0.00018
   422	0.00018
     3	0.00018
  2275	0.00018
    17	0.00018
  4970	0.00018
 37317	0.00018
     5	0.00018
  4039	0.00018
 15415	0.00018
     5	0.00018
 37234	0.00018
  6401	0.00018
 28865	0.00018
  6654	0.00018
 75710	0.00018
 19436	0.00018
  1729	0.00018
  3010	0.00018
 12224	0.00018
   171	0.00018
  1145	0.00018
    79	0.00018
 48103	0.00018
  8533	0.00018
  3322	0.00018
  1866	0.00018
  2784	0.00018
 21997	0.00018
   1768582
   24
