 215
     3	0.00726
   329	0.00726
   294	0.00726
    42	0.00726
  3519	0.00726
   282	0.00726
    13	0.00726
   259	0.00726
    48	0.00726
   217	0.00726
     9	0.00726
   992	0.00726
  1507	0.00726
    13	0.00726
   805	0.00726
  1397	0.00726
   290	0.00726
    24	0.00726
   194	0.00726
    16	0.00726
  1168	0.00726
   123	0.00726
    24	0.00726
   292	0.00726
   100	0.00726
   323	0.00726
   106	0.00726
   533	0.00726
     3	0.00726
    26	0.00837
   760	0.00837
    15	0.00837
  1583	0.00837
    47	0.00837
  1017	0.00837
   151	0.00837
    14	0.00837
   122	0.00837
   842	0.00837
  1265	0.00837
   207	0.00837
     2	0.00837
    13	0.00837
   419	0.00837
     8	0.00837
    12	0.00837
    11	0.00837
    23	0.00837
   609	0.00837
    10	0.00837
    94	0.00837
    63	0.00837
   726	0.00837
   118	0.00837
   248	0.00837
     4	0.00837
    17	0.00837
     8	0.00837
   111	0.00837
   111	0.00837
    56	0.00837
    29	0.00837
     6	0.00837
    62	0.00837
    12	0.00837
   314	0.00683
    55	0.00683
  2264	0.00683
   331	0.00683
    27	0.00683
   171	0.00683
   159	0.00683
    14	0.00683
    13	0.00683
   232	0.00683
    63	0.00683
   110	0.00683
   275	0.00683
  1950	0.00683
  1053	0.00683
    38	0.00683
     9	0.00683
   489	0.00683
  1196	0.00683
    93	0.00683
   364	0.00683
   344	0.00683
   225	0.00683
    14	0.00683
   244	0.00683
    73	0.00683
    45	0.00683
   807	0.00683
  2341	0.00683
   446	0.00683
   448	0.00683
    20	0.00683
  2347	0.00467
    49	0.00467
    22	0.00467
    35	0.00467
    80	0.00467
     7	0.00467
    91	0.00467
     8	0.00467
   838	0.00467
  2518	0.00467
   292	0.00467
    52	0.00467
   290	0.00467
    72	0.00467
    49	0.00467
   312	0.00467
   299	0.00467
   389	0.00467
  1947	0.00467
    15	0.00467
   963	0.00467
    61	0.00467
   537	0.00467
   266	0.00467
  1272	0.00467
     5	0.00467
    59	0.00467
   104	0.00467
   189	0.00467
    94	0.00467
   237	0.00467
     8	0.00467
   900	0.00467
    47	0.00467
     9	0.00467
  1731	0.00467
   263	0.00467
    55	0.00467
     7	0.00467
     3	0.00467
    64	0.00467
    20	0.00467
  1165	0.00467
   969	0.00467
    88	0.00467
   156	0.00467
   684	0.00467
   163	0.00467
    20	0.00467
  1111	0.00467
    51	0.00467
   123	0.00467
   834	0.00467
     6	0.00467
    11	0.00467
  1431	0.00467
  3762	0.00467
   272	0.00467
     3	0.00467
   975	0.00467
   975	0.00467
    96	0.00467
   147	0.00467
    62	0.00467
   763	0.00467
   145	0.00467
  1135	0.00467
    54	0.00467
    43	0.00467
    59	0.00467
     6	0.00467
   109	0.00467
    59	0.00467
    17	0.00467
   470	0.00467
    11	0.00467
    30	0.00467
    41	0.00696
   698	0.00696
   361	0.00696
   596	0.00696
    43	0.00696
   415	0.00696
    23	0.00696
   396	0.00696
    56	0.00696
    18	0.00696
     6	0.00696
    88	0.00696
   256	0.00696
    16	0.00696
    40	0.00696
   459	0.00696
    68	0.00696
    56	0.00696
   199	0.00696
     4	0.00696
    23	0.00696
   323	0.00696
   160	0.00696
    73	0.00696
    87	0.00696
     7	0.00696
  4153	0.00696
   129	0.00696
     7	0.00696
   230	0.00696
   224	0.00696
   371	0.00696
  1012	0.00696
  1000	0.00696
  2760	0.00696
    91	0.00696
    37	0.00696
   398	0.00696
   161	0.00696
    26	0.00696
    33	0.00696
   1208621
   12
