  77
 24955	0.00016
  2541	0.00016
 11059	0.00016
 21222	0.00016
 33158	0.00016
    34	0.00016
  6271	0.00016
  9498	0.00016
    31	0.00016
   920	0.00016
     6	0.00016
 20040	0.00016
  9177	0.00026
  1186	0.00026
    24	0.00026
  2400	0.00026
  7331	0.00026
     3	0.00026
  9247	0.00026
    11	0.00026
  1915	0.00026
  3681	0.00026
 13320	0.00026
 12602	0.00026
  3836	0.00026
   728	0.00026
  7594	0.00026
  1979	0.00026
  1473	0.00026
     3	0.00026
     5	0.00026
  1096	0.00026
    57	0.00026
  3336	0.00026
  2529	0.00026
  6360	0.00026
  1886	0.00026
  6151	0.00026
  6403	0.00026
   137	0.00026
   486	0.00047
 12224	0.00047
  4014	0.00047
  4459	0.00047
   196	0.00047
   151	0.00047
  2754	0.00047
     9	0.00047
   455	0.00047
   107	0.00047
   187	0.00047
    30	0.00047
  3165	0.00047
  4112	0.00047
  2874	0.00047
   275	0.00047
   558	0.00047
    75	0.00047
  5711	0.00047
  5398	0.00047
  4254	0.00047
   112	0.00047
  5165	0.00047
  1133	0.00047
  8702	0.00047
  2584	0.00047
     2	0.00047
  1036	0.00047
 10197	0.00047
    62	0.00047
   435	0.00047
   592	0.00047
     2	0.00047
 15327	0.00047
    21	0.00047
  1679	0.00047
   114	0.00047
    736384
   18
