  55
    59	0.00018
 23666	0.00018
 39588	0.00018
 16307	0.00018
     3	0.00018
  2740	0.00018
 19962	0.00018
  3270	0.00018
 41656	0.00018
 12072	0.00032
 26933	0.00032
 19150	0.00032
 16072	0.00032
     3	0.00032
 23962	0.00032
  8043	0.00032
 17518	0.00032
     7	0.00032
  1967	0.00032
  5725	0.00032
    13	0.00032
    28	0.00032
    47	0.00032
    40	0.00032
 14968	0.00032
  2220	0.00032
  1139	0.00032
223929	0.00040
    30	0.00040
  1729	0.00040
  6540	0.00040
   123	0.00040
    88	0.00040
  3188	0.00040
    11	0.00040
 14358	0.00040
  8677	0.00040
  6957	0.00040
     3	0.00040
     8	0.00040
 20122	0.00040
 28084	0.00040
  4099	0.00040
  5103	0.00040
     8	0.00040
  1683	0.00040
   199	0.00040
  2984	0.00040
     2	0.00040
   664	0.00040
     9	0.00040
 22462	0.00040
     8	0.00040
  3612	0.00040
    28	0.00040
    736384
   24
