 391
   940	0.01623
   736	0.01623
   382	0.01623
   940	0.01623
    47	0.01623
    23	0.01623
    48	0.01623
    73	0.01623
    13	0.01623
   526	0.01623
     6	0.01623
    73	0.01623
   186	0.01623
    23	0.01623
     5	0.01623
   251	0.01623
    67	0.01623
    12	0.01623
     3	0.01623
    96	0.01623
    18	0.01623
    88	0.01623
    34	0.01623
  1149	0.01623
   461	0.01623
    27	0.01623
     5	0.01623
    46	0.01623
    18	0.01623
   432	0.01623
   680	0.01623
   503	0.01623
    29	0.01623
    51	0.01623
    13	0.01623
  1052	0.01623
    73	0.01623
     3	0.01623
    19	0.01623
     8	0.01623
     5	0.01623
    34	0.01623
    12	0.01623
    22	0.01623
   224	0.01623
  1097	0.01623
    61	0.01623
   397	0.01623
    66	0.01623
    42	0.01623
   236	0.01623
    19	0.01623
  1323	0.01623
    49	0.01623
     3	0.01623
    12	0.01623
    59	0.01623
    21	0.01623
  1597	0.01623
   501	0.01623
   193	0.01623
   269	0.01623
     8	0.01623
     6	0.01623
    21	0.01623
    93	0.01623
  1742	0.01623
   133	0.01623
     3	0.01623
    73	0.01623
    55	0.01623
   466	0.01623
   239	0.01623
    40	0.01623
   538	0.01623
    33	0.01623
    57	0.01189
    23	0.01189
   160	0.01189
     4	0.01189
   513	0.01189
     5	0.01189
   408	0.01189
     4	0.01189
    56	0.01189
   268	0.01189
   729	0.01189
   740	0.01189
   214	0.01189
   774	0.01189
  1245	0.01189
   160	0.01189
    20	0.01189
  1282	0.01189
   865	0.01189
    80	0.01189
   158	0.01189
   399	0.01189
   115	0.01189
   152	0.01189
   288	0.01189
    11	0.01189
    41	0.01189
   269	0.01189
    67	0.01189
     5	0.01189
    10	0.01189
    83	0.01189
     7	0.01189
   109	0.01189
    27	0.01189
    40	0.01189
    85	0.01189
    80	0.01189
   109	0.01189
    31	0.01189
   203	0.01189
     8	0.01189
   133	0.01189
     6	0.01189
   628	0.01189
   214	0.01189
    56	0.01189
   893	0.01189
   254	0.01189
    13	0.01189
    68	0.01189
   118	0.01189
  1417	0.01189
   443	0.01189
    55	0.01189
   109	0.01189
   427	0.01189
     4	0.01189
   741	0.01189
    11	0.01189
   118	0.01189
   115	0.01189
    97	0.01189
   450	0.01189
     6	0.01189
    42	0.01189
     6	0.01189
   590	0.01189
    10	0.01189
    83	0.01189
  2369	0.01189
    92	0.01189
     9	0.01189
   560	0.01189
   121	0.01061
   429	0.01061
    58	0.01061
    32	0.01061
    28	0.01061
     6	0.01061
   134	0.01061
    52	0.01061
    19	0.01061
    37	0.01061
   250	0.01061
    53	0.01061
     2	0.01061
    46	0.01061
   160	0.01061
     4	0.01061
     2	0.01061
   175	0.01061
     6	0.01061
   193	0.01061
    12	0.01061
   107	0.01061
   445	0.01061
  1419	0.01061
   244	0.01061
    10	0.01061
    31	0.01061
    80	0.01061
    10	0.01061
    17	0.01061
     7	0.01061
    24	0.01061
   252	0.01061
   427	0.01061
    36	0.01061
    88	0.01061
  1194	0.01061
   508	0.01061
    11	0.01061
   160	0.01061
    87	0.01061
   584	0.01061
    17	0.01061
     5	0.01061
   171	0.01061
   392	0.01061
   298	0.01061
   141	0.01061
     4	0.01061
    23	0.01061
    11	0.01061
     2	0.01061
     7	0.01061
   129	0.01061
   166	0.01061
   358	0.01061
     6	0.01061
   651	0.01061
    80	0.01061
    46	0.01061
   351	0.01061
    49	0.01061
   311	0.01061
   199	0.01061
    49	0.01061
    48	0.01061
   601	0.01061
   177	0.01061
     2	0.01061
    17	0.01061
   171	0.01061
   175	0.01061
   875	0.01061
     5	0.01159
   153	0.01159
    10	0.01159
   206	0.01159
    21	0.01159
   579	0.01159
     2	0.01159
    49	0.01159
   155	0.01159
   104	0.01159
    92	0.01159
    18	0.01159
    43	0.01159
   104	0.01159
    19	0.01159
    10	0.01159
    49	0.01159
    21	0.01159
   109	0.01159
   282	0.01159
    64	0.01159
   921	0.01159
   229	0.01159
     3	0.01159
   308	0.01159
   193	0.01159
   203	0.01159
    14	0.01159
     7	0.01159
    16	0.01159
    37	0.01159
     7	0.01159
    15	0.01159
   558	0.01159
    76	0.01159
    64	0.01159
   154	0.01159
    19	0.01159
   853	0.01159
   135	0.01159
    43	0.01159
    70	0.01159
     3	0.01159
   544	0.01159
     3	0.01159
    27	0.01159
   220	0.01159
    47	0.01159
    67	0.01159
    57	0.01159
   104	0.01159
    92	0.01159
   268	0.01159
   129	0.01159
    41	0.01159
     9	0.01159
    52	0.01159
  1595	0.01159
   781	0.01159
    44	0.01159
   104	0.01159
    19	0.01159
   620	0.01159
     3	0.01159
    44	0.01159
    65	0.01159
     2	0.01651
   544	0.01651
   309	0.01651
    57	0.01651
   320	0.01651
    61	0.01651
   204	0.01651
  1240	0.01651
    12	0.01651
   278	0.01651
  1648	0.01651
    63	0.01651
    67	0.01651
     7	0.01651
    64	0.01651
    76	0.01651
    22	0.01651
   107	0.01651
   686	0.01651
  1562	0.01651
     3	0.01651
   166	0.01651
    13	0.01651
     8	0.01651
     6	0.01651
    44	0.01651
   220	0.01651
    86	0.01651
     9	0.01651
    20	0.01651
    38	0.01651
    22	0.01651
    15	0.01651
   513	0.01651
    77	0.01651
     3	0.01651
    21	0.01651
     2	0.01651
    86	0.01651
   225	0.01651
    56	0.01651
    48	0.01651
   102	0.01651
     9	0.01651
    64	0.01651
    63	0.01651
    39	0.01651
   395	0.01651
   407	0.01651
   201	0.01651
   192	0.01651
   287	0.01651
   194	0.01651
    11	0.01651
     2	0.01651
    38	0.01651
    76	0.01651
    22	0.01651
   107	0.01651
  1385	0.01651
     8	0.01651
   207	0.01651
     4	0.01651
     3	0.01651
    22	0.01651
    38	0.01651
   944	0.01651
   192	0.01651
   962	0.01651
   194	0.01651
    61	0.01651
    11	0.01651
    11	0.01651
    58	0.01651
     6	0.01651
  1385	0.01651
   291	0.01651
   198	0.01651
    35	0.01651
   300	0.01651
   134	0.01651
   474	0.01651
     2	0.01651
   314	0.01651
    68	0.01651
  1648	0.01651
   207	0.01651
   101	0.01651
     2	0.01651
    78	0.01651
   320	0.01651
    55	0.01651
   101	0.01651
    23	0.01651
    37	0.01651
    68	0.01651
    31	0.01651
     2	0.01651
    43	0.01651
     7	0.01651
    56	0.01651
    24	0.01651
   1462494
   25
