 292
     2	0.00722
     4	0.00722
    36	0.00722
   947	0.00722
  2592	0.00722
  2673	0.00722
  1004	0.00722
  1854	0.00722
  1667	0.00722
   609	0.00722
   897	0.00722
   250	0.00722
  1469	0.00722
   137	0.00722
   379	0.00722
  1214	0.00722
    47	0.00722
    43	0.00722
   475	0.00722
  1091	0.00722
     6	0.00722
  6222	0.00722
     2	0.00722
    53	0.00722
  1839	0.00722
    90	0.00722
  2605	0.00722
  1176	0.00722
   380	0.00722
  1253	0.00722
  3255	0.00722
   504	0.00722
  1393	0.00722
  1199	0.00722
   797	0.00722
   190	0.00722
    13	0.00722
   549	0.00722
    19	0.00722
    40	0.00722
   556	0.00722
    36	0.00722
  1142	0.00722
  3032	0.00722
   301	0.00722
    11	0.00722
  3316	0.00722
  1242	0.00722
   389	0.00722
   629	0.00722
   369	0.00722
    94	0.00722
   122	0.00722
  2633	0.00314
     7	0.00314
     5	0.00314
  1807	0.00314
   126	0.00314
   172	0.00314
   270	0.00314
   841	0.00314
   422	0.00314
   925	0.00314
  1429	0.00314
     3	0.00314
  2713	0.00314
  1183	0.00314
   710	0.00314
    16	0.00314
  2358	0.00314
   224	0.00314
     3	0.00314
     2	0.00314
     2	0.00314
   115	0.00314
  2838	0.00314
   504	0.00314
  3287	0.00314
  2372	0.00314
     3	0.00314
  2637	0.00314
   467	0.00314
     6	0.00314
   242	0.00314
  2731	0.00314
   902	0.00314
   658	0.00314
   577	0.00314
   986	0.00314
     5	0.00314
   224	0.00314
  4621	0.00314
   423	0.00314
  2229	0.00314
  1595	0.00314
  1341	0.00314
   657	0.00314
   269	0.00314
   483	0.00314
   430	0.00314
   175	0.00314
   106	0.00314
 18540	0.00314
   120	0.00314
   319	0.00314
    66	0.00314
  2740	0.00314
   242	0.00871
    68	0.00871
  5990	0.00871
   204	0.00871
    87	0.00871
    68	0.00871
    64	0.00871
    17	0.00871
   202	0.00871
   647	0.00871
  1494	0.00871
    34	0.00871
   511	0.00871
   139	0.00871
   248	0.00871
    48	0.00871
   362	0.00871
   902	0.00871
   990	0.00871
  1899	0.00871
    18	0.00871
   912	0.00871
   550	0.00871
  1844	0.00871
   716	0.00871
   264	0.00871
   742	0.00871
   111	0.00871
   118	0.00871
    66	0.00871
    28	0.00871
   214	0.00871
   335	0.00871
     6	0.00871
   103	0.00871
  2389	0.00871
   163	0.00871
   202	0.00871
   725	0.00871
   234	0.00871
   125	0.00871
   861	0.00871
   170	0.00871
    22	0.00871
   215	0.00871
   243	0.00871
    64	0.00871
   262	0.00871
    13	0.00871
   106	0.00871
    71	0.00871
   899	0.00871
     6	0.00871
    12	0.00871
  2421	0.01048
   296	0.01048
   575	0.01048
   340	0.01048
   716	0.01048
   650	0.01048
   235	0.01048
   731	0.01048
   257	0.01048
    37	0.01048
   146	0.01048
  1084	0.01048
     5	0.01048
    24	0.01048
    15	0.01048
    97	0.01048
  6255	0.01048
   202	0.01048
   623	0.01048
   108	0.01048
   127	0.01048
   738	0.01048
   190	0.01048
    11	0.01048
   337	0.01048
   545	0.01048
   179	0.01048
   545	0.01048
  1368	0.01048
  1064	0.01048
   633	0.01048
   320	0.01048
   273	0.01048
   421	0.01048
    30	0.01048
     3	0.01048
   496	0.01048
   106	0.01048
    15	0.01048
   302	0.01048
   346	0.01048
    95	0.01048
   676	0.01048
   110	0.01048
   622	0.01048
    29	0.01048
  1959	0.01048
  1154	0.00159
 10571	0.00159
  6659	0.00159
  1323	0.00159
   570	0.00159
  1951	0.00159
   286	0.00159
   450	0.00159
   166	0.00159
    13	0.00159
   161	0.00159
   410	0.00159
   770	0.00159
  2076	0.00159
  3763	0.00159
    64	0.00159
     7	0.00159
   104	0.00159
    10	0.00159
   218	0.00159
     2	0.00159
    24	0.00159
  1023	0.00159
   871	0.00159
  1620	0.00159
    44	0.00159
  1599	0.00159
     5	0.00159
  1532	0.00159
    10	0.00159
  1028	0.00159
  1561	0.00159
     4	0.00159
  1148	0.00159
   346	0.00159
    66	0.00159
    25	0.00139
   262	0.00139
  2377	0.00139
   215	0.00139
   166	0.00139
   390	0.00139
  1144	0.00139
    17	0.00139
    65	0.00139
     3	0.00139
  1021	0.00139
  2645	0.00139
   964	0.00139
  6587	0.00139
   117	0.00139
  8254	0.00139
    13	0.00139
    76	0.00139
  3607	0.00139
  1476	0.00139
    54	0.00139
  6754	0.00139
  6640	0.00139
  1092	0.00139
  2294	0.00139
  3700	0.00139
 19590	0.00139
    85	0.00139
   565	0.00139
    94	0.00041
  2505	0.00041
   580	0.00041
    43	0.00041
  2503	0.00041
  2526	0.00041
  2412	0.00041
    91	0.00041
   528	0.00041
  3751	0.00041
    87	0.00041
 30836	0.00041
    64	0.00027
  1721	0.00027
 73031	0.00027
 90564	0.00027
     7	0.00027
170420	0.00027
  3296	0.00027
   2059712
   17
