  78
  6229	0.00016
  6171	0.00016
  7138	0.00016
    34	0.00016
160005	0.00016
     2	0.00016
   991	0.00016
  4885	0.00016
  1816	0.00016
   248	0.00016
 21314	0.00016
 12897	0.00026
 53300	0.00026
     7	0.00026
  1596	0.00026
  2444	0.00026
     2	0.00026
  6315	0.00026
  7910	0.00026
    15	0.00026
  2232	0.00026
     2	0.00026
  4361	0.00026
  2905	0.00026
 12494	0.00026
   411	0.00026
     3	0.00026
  6074	0.00026
     2	0.00026
   802	0.00026
  4849	0.00026
    80	0.00026
    26	0.00026
   201	0.00026
     7	0.00026
 15422	0.00026
  1049	0.00026
  3518	0.00026
    11	0.00047
    28	0.00047
 14691	0.00047
     9	0.00047
  6959	0.00047
   263	0.00047
  4106	0.00047
  6573	0.00047
  4519	0.00047
   709	0.00047
 14604	0.00047
  2075	0.00047
  7270	0.00047
  1121	0.00047
 10371	0.00047
  3837	0.00047
    47	0.00047
  6961	0.00047
     3	0.00047
  3811	0.00047
  2637	0.00047
    46	0.00047
  3038	0.00047
  5178	0.00047
   958	0.00047
  3917	0.00047
    59	0.00047
  3346	0.00047
  5083	0.00047
  7825	0.00047
  3240	0.00047
    14	0.00047
  1673	0.00047
  1141	0.00047
  4469	0.00047
  1326	0.00047
  1685	0.00047
    11	0.00047
 10777	0.00047
    25	0.00047
    736384
   18
