 526
    11	0.00352
    57	0.00352
   290	0.00352
    25	0.00352
   325	0.00352
   113	0.00352
    82	0.00352
   901	0.00352
     2	0.00352
     8	0.00352
    77	0.00352
    66	0.00352
    31	0.00352
   432	0.00352
    31	0.00352
   526	0.00352
  2377	0.00352
   247	0.00352
    17	0.00352
   320	0.00352
    23	0.00352
   167	0.00352
    20	0.00352
     2	0.00352
    25	0.00352
   154	0.00352
     4	0.00352
    25	0.00352
   416	0.00352
   331	0.00352
   782	0.00352
     2	0.00352
   126	0.00352
    16	0.00352
   436	0.00352
   285	0.00352
    25	0.00352
     9	0.00352
    54	0.00352
  1003	0.00352
    52	0.00352
  1343	0.00352
     3	0.00352
   563	0.00352
     4	0.00352
   128	0.00352
    46	0.00352
   161	0.00352
   924	0.00352
    91	0.00352
     3	0.00352
    73	0.00352
    55	0.00352
   124	0.00352
    77	0.00352
     3	0.00352
   571	0.00352
    91	0.00352
    39	0.00352
     3	0.00352
   150	0.00352
   173	0.00352
    23	0.00352
   131	0.00352
    57	0.00352
    79	0.00352
   637	0.00352
    38	0.00352
    94	0.00352
   426	0.00352
   424	0.00352
   140	0.00352
    15	0.00352
    15	0.00352
   869	0.00352
    73	0.00352
     5	0.00352
   151	0.00352
    21	0.00352
    35	0.00352
    85	0.00352
     7	0.00352
    64	0.00352
   223	0.00352
   368	0.00352
   687	0.00352
    60	0.00352
    60	0.00352
   154	0.00352
    58	0.00352
   173	0.00352
     6	0.00352
   213	0.00352
   253	0.00352
   609	0.00352
    74	0.00352
    64	0.00352
    28	0.00352
    54	0.00352
    81	0.00352
     2	0.00352
    21	0.00352
    61	0.00352
   303	0.00352
     2	0.00352
     5	0.00352
   365	0.00352
   333	0.00352
     2	0.00352
   166	0.00352
    13	0.00352
    15	0.00352
    30	0.00352
   514	0.00352
     3	0.00352
     6	0.00352
    69	0.00677
    29	0.00677
   213	0.00677
     2	0.00677
    11	0.00677
    44	0.00677
   787	0.00677
     3	0.00677
    58	0.00677
   317	0.00677
    24	0.00677
   182	0.00677
   178	0.00677
   157	0.00677
     3	0.00677
   159	0.00677
     2	0.00677
     6	0.00677
   199	0.00677
   176	0.00677
    68	0.00677
    13	0.00677
    48	0.00677
    17	0.00677
    10	0.00677
   129	0.00677
    37	0.00677
    41	0.00677
    36	0.00677
    31	0.00677
   300	0.00677
   284	0.00677
   208	0.00677
    11	0.00677
   204	0.00677
   269	0.00677
   495	0.00677
   189	0.00677
   467	0.00677
   159	0.00677
   355	0.00677
   326	0.00677
    66	0.00677
    72	0.00677
     4	0.00677
   231	0.00677
    10	0.00677
   502	0.00677
    17	0.00677
  1178	0.00677
   133	0.00677
   604	0.00677
   700	0.00677
   902	0.00677
   111	0.00677
   461	0.00677
   162	0.00677
   115	0.00677
  1532	0.00677
   804	0.00677
   138	0.00677
   424	0.00677
    26	0.00677
    44	0.00677
   155	0.00677
    31	0.00677
    10	0.00677
   211	0.00677
   301	0.00677
    52	0.00677
    24	0.00677
    22	0.00677
   287	0.00677
     5	0.00677
  1046	0.00677
    85	0.00677
   485	0.00677
    24	0.00677
   391	0.00677
   252	0.00677
   254	0.00677
    20	0.00677
  1839	0.00677
   255	0.00677
    19	0.00677
     2	0.00677
    75	0.00677
    14	0.00677
    29	0.00677
     3	0.00677
    10	0.00677
   614	0.00677
   545	0.00677
  3141	0.00677
   149	0.00677
  1375	0.00677
   214	0.00677
     2	0.00677
   108	0.00677
    67	0.00677
     3	0.00677
   186	0.00677
    35	0.00677
   449	0.00677
   149	0.00677
    90	0.00677
   246	0.00677
   301	0.00677
     4	0.00677
   286	0.00677
    64	0.00677
     6	0.00677
   166	0.00677
     9	0.00677
   149	0.00677
   238	0.00677
    49	0.00677
    74	0.00677
    55	0.00677
    71	0.00677
   192	0.00677
   520	0.00677
    33	0.00677
   280	0.00677
    90	0.00677
    44	0.00677
     7	0.00677
    13	0.00677
    24	0.00677
    17	0.00677
     8	0.00677
    14	0.00677
    35	0.00677
     2	0.00677
     4	0.00677
     2	0.00677
   836	0.00677
   119	0.00677
   289	0.00677
    57	0.00677
   173	0.00677
   105	0.00677
   295	0.00677
   129	0.00677
    39	0.00677
    56	0.00677
     4	0.00677
    37	0.00677
    15	0.00677
    82	0.00677
    80	0.00677
   286	0.00677
    40	0.00677
     9	0.00677
    26	0.00677
    35	0.00677
    18	0.00677
     7	0.00677
   133	0.00677
   227	0.00677
    61	0.00677
   608	0.00677
   386	0.00677
   142	0.00677
     6	0.00677
    49	0.00677
     2	0.00677
   516	0.00677
   547	0.00677
   213	0.00677
     6	0.00677
    23	0.00677
    55	0.00677
   206	0.00677
    11	0.00677
   278	0.00677
   204	0.00677
   358	0.00677
   968	0.00677
   125	0.00677
    59	0.00677
    18	0.00677
   112	0.00677
     4	0.00677
   151	0.00677
    45	0.00677
  1888	0.00677
    25	0.00677
   186	0.00677
    36	0.00677
  1799	0.00677
  2635	0.00677
   135	0.00677
    40	0.00677
   220	0.00677
   994	0.00677
   159	0.00677
    51	0.00677
     4	0.00677
     9	0.00677
    95	0.00677
     3	0.00677
    91	0.00677
   183	0.00677
   104	0.00677
    20	0.00677
    20	0.00677
     3	0.00677
    19	0.00677
   243	0.00677
   258	0.00677
   302	0.00677
   976	0.00677
   202	0.00677
     8	0.00677
    24	0.00677
     3	0.00677
   327	0.00677
   329	0.00677
   628	0.00677
    61	0.00677
    34	0.00677
   184	0.00677
   436	0.00677
    61	0.00677
    30	0.00677
    57	0.00677
     2	0.00677
     3	0.00677
     9	0.00677
    72	0.00677
   815	0.00677
   464	0.00677
   134	0.00677
   124	0.00677
  2029	0.00677
  1032	0.00677
    34	0.00677
   148	0.00677
   104	0.00677
   283	0.00677
   141	0.00677
    10	0.00677
   119	0.00677
    12	0.00677
     3	0.00677
   257	0.00677
   335	0.00677
    68	0.00677
   134	0.00677
   146	0.00677
   205	0.00677
    19	0.00677
    37	0.00677
    99	0.00677
     8	0.00677
    51	0.00677
   185	0.00677
    19	0.00677
   351	0.00677
  1274	0.00485
    12	0.00485
    19	0.00485
   141	0.00485
   199	0.00485
     4	0.00485
   156	0.00485
     2	0.00485
     7	0.00485
    22	0.00485
    16	0.00485
    63	0.00485
     7	0.00485
   596	0.00485
    30	0.00485
    27	0.00485
  1639	0.00485
  2638	0.00485
    91	0.00485
    11	0.00485
   729	0.00485
   144	0.00485
   900	0.00485
  1150	0.00485
   314	0.00485
  1186	0.00485
  1308	0.00485
   131	0.00485
    95	0.00485
    20	0.00485
  1752	0.00485
   233	0.00485
   302	0.00485
   366	0.00485
   283	0.00485
    73	0.00485
    27	0.00485
   226	0.00485
    13	0.00485
   267	0.00485
   249	0.00485
    48	0.00485
   101	0.00485
    39	0.00485
    11	0.00485
    50	0.00485
   117	0.00485
   103	0.00485
    12	0.00485
    26	0.00485
     3	0.00485
   443	0.00485
   274	0.00485
   286	0.00485
  1238	0.00485
   104	0.00485
    25	0.00485
   247	0.00485
   729	0.00485
   160	0.00485
    26	0.00485
    22	0.00485
   139	0.00485
  1295	0.00485
    20	0.00485
   223	0.00485
   220	0.00485
    56	0.00485
    64	0.00485
     2	0.00485
    76	0.00485
    42	0.00485
    12	0.00485
   152	0.00485
     2	0.00485
    84	0.00485
   413	0.00485
    23	0.00485
    92	0.00485
    19	0.00485
   114	0.00485
    83	0.00485
     5	0.00485
    50	0.00485
   312	0.00485
   954	0.00485
    75	0.00485
   279	0.00485
   356	0.00485
   136	0.00485
     6	0.00485
    27	0.00485
   125	0.00485
    46	0.00485
   577	0.00485
    81	0.00485
   124	0.00485
   264	0.00485
     7	0.00485
   621	0.00485
   367	0.00485
  2401	0.00485
    67	0.00485
   638	0.00485
   614	0.00485
   915	0.00485
   406	0.00485
   281	0.00485
    22	0.00485
    17	0.00485
   583	0.00485
   221	0.00485
   595	0.00485
   609	0.00485
   987	0.00485
  1515	0.00485
   357	0.00485
    92	0.00485
   107	0.00485
   723	0.00485
   176	0.00485
     2	0.00485
    11	0.00485
    10	0.00485
    11	0.00485
  1085	0.00485
    20	0.00485
    16	0.00485
    79	0.00485
     2	0.00485
    76	0.00485
     2	0.00485
   227	0.00485
    17	0.00485
    27	0.00485
    26	0.00485
  1407	0.00485
     8	0.00485
   113	0.00485
    28	0.00485
    19	0.00485
   131	0.00485
     3	0.00485
     8	0.00485
    84	0.00485
    51	0.00485
   191	0.00485
    55	0.00485
   362	0.00485
    51	0.00485
    876941
   12
