  40
   860	0.00662
     3	0.00662
    21	0.00662
    10	0.00662
   590	0.00662
   384	0.00662
   673	0.00662
   505	0.00662
   269	0.00662
   136	0.00662
    85	0.00662
     2	0.00662
   109	0.00662
     4	0.00662
    27	0.00662
    38	0.00662
   283	0.00662
     2	0.00662
   109	0.00662
   132	0.00662
   701	0.00662
    24	0.00662
   165	0.00662
    75	0.00662
   149	0.00662
   780	0.00662
     2	0.00662
   277	0.00662
   733	0.00662
    31	0.00662
   157	0.00662
   166	0.00662
   701	0.00662
    66	0.00662
   110	0.00662
    69	0.00662
    65	0.00662
   157	0.00662
    52	0.00662
     2	0.00662
    182266
   18
