 594
  1215	0.00607
   115	0.00607
     5	0.00607
    22	0.00607
   379	0.00607
   287	0.00607
  1315	0.00607
     7	0.00607
     8	0.00607
     3	0.00607
    73	0.00607
    63	0.00607
   222	0.00607
    41	0.00607
   497	0.00607
  1219	0.00607
   157	0.00607
    29	0.00607
   318	0.00607
   215	0.00607
   136	0.00638
   388	0.00638
    15	0.00638
   252	0.00638
   190	0.00638
    74	0.00638
   107	0.00638
   985	0.00638
   102	0.00638
    86	0.00638
    43	0.00638
    49	0.00638
   718	0.00638
    38	0.00638
    69	0.00638
   405	0.00638
   214	0.00638
    74	0.00638
     6	0.00638
    11	0.00638
   203	0.00638
   607	0.00638
     9	0.00638
   143	0.00638
   234	0.00638
    91	0.00638
   114	0.00682
   308	0.00682
   525	0.00682
   169	0.00682
    12	0.00682
   209	0.00682
    27	0.00682
   427	0.00682
     4	0.00682
    17	0.00682
     2	0.00682
   294	0.00682
     2	0.00682
   166	0.00682
     5	0.00682
    26	0.00682
    20	0.00682
     8	0.00682
   126	0.00682
   193	0.00682
     2	0.00682
    37	0.00682
    15	0.00682
     3	0.00682
    52	0.00682
    28	0.00682
   158	0.00682
    92	0.00682
    88	0.00682
    42	0.00682
     3	0.00682
    22	0.00682
   158	0.00682
    54	0.00682
     4	0.00682
   124	0.00682
    56	0.00682
    46	0.00699
     2	0.00699
    81	0.00699
   179	0.00699
   294	0.00699
    77	0.00699
   261	0.00699
     7	0.00699
     6	0.00699
   253	0.00699
   159	0.00699
   167	0.00699
    23	0.00699
    14	0.00699
    66	0.00699
    61	0.00699
    20	0.00699
   514	0.00699
   798	0.00699
   241	0.00699
   513	0.00699
    27	0.00699
   119	0.00699
     5	0.00622
    43	0.00622
   220	0.00622
    93	0.00622
   401	0.00622
    77	0.00622
   134	0.00622
    22	0.00622
   114	0.00622
     6	0.00622
   221	0.00622
   160	0.00622
   872	0.00622
    12	0.00622
   173	0.00622
    33	0.00622
    17	0.00622
    13	0.00622
    53	0.00622
    49	0.00622
    12	0.00622
   116	0.00622
    77	0.00622
     9	0.00622
    51	0.00622
   526	0.00622
   371	0.00622
   186	0.00622
    45	0.00622
   255	0.00622
   941	0.00622
     9	0.00622
   829	0.00622
   185	0.00622
     2	0.00622
    60	0.00622
   108	0.00622
   313	0.00622
    53	0.00622
    46	0.00622
   158	0.00622
   104	0.00622
   355	0.00622
   144	0.00622
   696	0.00530
    37	0.00530
   397	0.00530
     2	0.00530
   135	0.00530
   102	0.00530
   271	0.00530
     8	0.00530
   326	0.00530
    38	0.00530
    39	0.00530
   531	0.00530
    11	0.00530
     7	0.00530
   351	0.00530
    33	0.00530
    43	0.00530
   284	0.00530
   233	0.00530
   174	0.00530
   475	0.00530
   802	0.00530
    97	0.00530
   567	0.00530
    29	0.00530
   299	0.00530
   134	0.00530
   398	0.00530
   285	0.00530
   563	0.00530
  1304	0.00530
     4	0.00530
    67	0.00604
    63	0.00604
     2	0.00604
    19	0.00604
   164	0.00604
   535	0.00604
   236	0.00604
    63	0.00604
     7	0.00604
  1015	0.00604
  1359	0.00604
   225	0.00604
     8	0.00604
   167	0.00604
    95	0.00604
     6	0.00604
    25	0.00604
   119	0.00604
   818	0.00483
  1234	0.00483
   826	0.00483
   291	0.00483
   136	0.00483
    90	0.00483
   213	0.00483
    26	0.00483
   462	0.00483
   534	0.00483
     6	0.00483
    10	0.00483
    27	0.00483
    39	0.00483
    63	0.00483
   671	0.00483
   223	0.00483
   293	0.00483
   105	0.00483
   323	0.00483
   359	0.00483
     2	0.00483
    99	0.00483
    17	0.00483
   358	0.00483
    42	0.00483
   206	0.00483
   453	0.00483
   419	0.00483
   181	0.00483
  2352	0.00483
   124	0.00483
  2580	0.00483
  1061	0.00483
    40	0.00483
  1467	0.00483
   126	0.00451
    14	0.00451
    22	0.00451
    60	0.00451
    38	0.00451
   202	0.00451
    43	0.00451
    76	0.00451
    35	0.00451
    11	0.00451
    43	0.00451
    29	0.00451
    59	0.00451
    16	0.00451
   300	0.00451
  3149	0.00451
  1218	0.00451
    20	0.00451
    68	0.00451
    29	0.00451
   314	0.00451
    27	0.00451
   208	0.00451
     5	0.00451
   730	0.00451
    23	0.00451
    81	0.00451
   105	0.00451
   197	0.00451
    32	0.00451
     2	0.00451
    67	0.00451
     5	0.00463
    31	0.00463
    64	0.00463
    44	0.00463
    65	0.00463
   259	0.00463
     2	0.00463
   141	0.00463
   109	0.00463
     3	0.00463
   534	0.00463
    75	0.00463
   267	0.00463
    10	0.00463
     2	0.00463
   197	0.00463
    14	0.00463
    11	0.00463
     4	0.00463
   137	0.00463
    72	0.00463
    53	0.00463
    37	0.00463
  1176	0.00463
  2778	0.00463
   487	0.00463
    77	0.00463
    95	0.00463
    70	0.00463
   314	0.00463
   249	0.00463
   242	0.00463
  2002	0.00463
   599	0.00463
   917	0.00463
   227	0.00748
    67	0.00748
   368	0.00748
     3	0.00748
   208	0.00748
    98	0.00748
     2	0.00748
    84	0.00748
     2	0.00748
   183	0.00748
   484	0.00748
   131	0.00748
   464	0.00748
     4	0.00748
   260	0.00748
    76	0.00748
     3	0.00748
    29	0.00748
     3	0.00748
     7	0.00748
     2	0.00748
    59	0.00748
   183	0.00748
   532	0.00748
     3	0.00748
   236	0.00748
   512	0.00748
   200	0.00748
   575	0.00748
     3	0.00748
    15	0.00748
    19	0.00748
     3	0.00748
   151	0.00748
    68	0.00748
   117	0.00748
    30	0.00748
   586	0.00748
    18	0.00748
     4	0.00748
    11	0.00748
     2	0.00748
     7	0.00748
   381	0.00748
   183	0.00748
   367	0.00748
   199	0.00748
   386	0.00748
   485	0.00748
   395	0.00748
   920	0.00748
   103	0.00748
     7	0.00748
     8	0.00566
   272	0.00566
   156	0.00566
    28	0.00566
   244	0.00566
   165	0.00566
    96	0.00566
    44	0.00566
    54	0.00566
   109	0.00566
   117	0.00566
    75	0.00566
    10	0.00566
     5	0.00566
    46	0.00566
   217	0.00566
   236	0.00566
   488	0.00566
    13	0.00566
    21	0.00566
   109	0.00566
   213	0.00566
    21	0.00566
    36	0.00566
   187	0.00566
    60	0.00566
    42	0.00566
    99	0.00566
     4	0.00566
    40	0.00566
   336	0.00566
   648	0.00566
   532	0.00566
  3084	0.00566
  1996	0.00566
  3005	0.00566
   721	0.00566
   232	0.00566
   371	0.00566
     5	0.00566
   617	0.00566
   418	0.00566
    15	0.00613
    97	0.00613
    28	0.00613
   775	0.00613
     7	0.00613
   501	0.00613
    10	0.00613
   246	0.00613
    24	0.00613
    18	0.00613
    93	0.00613
   471	0.00613
    11	0.00613
  1494	0.00613
    84	0.00613
   259	0.00613
   247	0.00613
    68	0.00613
     3	0.00613
   113	0.00613
    26	0.00613
     9	0.00613
    77	0.00613
   179	0.00613
   144	0.00613
    65	0.00613
    59	0.00613
   227	0.00613
    45	0.00613
    75	0.00613
    76	0.00613
    63	0.00613
    29	0.00613
   721	0.00613
    42	0.00613
  1868	0.00613
    27	0.00613
    40	0.00613
   170	0.00613
    62	0.00613
    56	0.00613
   314	0.00613
    23	0.00613
    84	0.00613
     2	0.00613
   235	0.00613
   205	0.00723
  1422	0.00723
    89	0.00723
    44	0.00723
   152	0.00723
    25	0.00723
     2	0.00723
     2	0.00723
    28	0.00723
    49	0.00723
    20	0.00723
     4	0.00723
     6	0.00723
    29	0.00723
     2	0.00723
    11	0.00723
     6	0.00723
    17	0.00723
    13	0.00723
   309	0.00723
    10	0.00723
     7	0.00723
   658	0.00723
    48	0.00723
   124	0.00723
     9	0.00723
   113	0.00723
    89	0.00723
     2	0.00723
     3	0.00723
   880	0.00723
     3	0.00723
     7	0.00723
     9	0.00723
   192	0.00723
    77	0.00723
     5	0.00723
   890	0.00723
   331	0.00723
     6	0.00723
    29	0.00723
   265	0.00723
     2	0.00723
    74	0.00723
   228	0.00787
  1547	0.00787
   984	0.00787
    38	0.00787
    60	0.00787
    41	0.00787
    44	0.00787
  2637	0.00787
   124	0.00787
   532	0.00787
    38	0.00787
    62	0.00787
    23	0.00787
     3	0.00787
    27	0.00787
    43	0.00787
    66	0.00787
   208	0.00787
    19	0.00787
    37	0.00787
    27	0.00787
   163	0.00787
    29	0.00787
    35	0.00787
    26	0.00787
   173	0.00787
    53	0.00787
    20	0.00787
    40	0.00787
   200	0.00787
   126	0.00787
    25	0.00787
   100	0.00787
   140	0.00787
  1366	0.00787
    94	0.01149
    27	0.01149
    95	0.01149
    72	0.01149
   102	0.01149
    52	0.01149
    51	0.01149
    26	0.01149
   205	0.01149
   630	0.01149
    13	0.01149
    51	0.01149
    10	0.01149
    79	0.01149
    36	0.01149
   235	0.01149
    50	0.01149
    21	0.01149
    55	0.01149
    17	0.01149
   324	0.00716
   145	0.00716
   106	0.00716
   989	0.00716
    10	0.00716
    32	0.00716
     6	0.00716
    17	0.00716
    37	0.00716
   310	0.00716
   592	0.00716
    69	0.00716
   973	0.00716
   393	0.00716
    15	0.00716
    63	0.00716
     6	0.00716
     7	0.00716
   115	0.00716
  1436	0.00716
   161	0.00716
     4	0.00716
    64	0.00716
  1046	0.00716
   541	0.00716
     6	0.00716
   196	0.00716
    42	0.00716
    39	0.00716
   555	0.00716
     4	0.00716
   955	0.00716
   531	0.00716
   118	0.00716
     2	0.00716
     4	0.00716
   376	0.00716
   188	0.00716
    56	0.00716
    17	0.00716
   115	0.00716
    13	0.00716
   295	0.00716
     2	0.00716
   150	0.00716
     6	0.00716
     2	0.00716
  1165	0.00716
    88	0.00716
   420	0.00716
   632	0.00716
   4313636
   13
