 296
   203	0.00871
   208	0.00871
   314	0.00871
    40	0.00871
    39	0.00871
   309	0.00871
   124	0.00871
    47	0.00871
  1213	0.00871
     7	0.00871
    15	0.00871
    65	0.00871
     7	0.00871
   133	0.00871
     2	0.00871
  1962	0.00871
     6	0.00871
    13	0.00871
   266	0.00871
     6	0.00871
     3	0.00871
    19	0.00871
    57	0.00871
    74	0.00871
   364	0.00871
   806	0.00871
   429	0.00871
  1145	0.00871
    28	0.00871
   343	0.00871
    77	0.00871
   188	0.00871
    13	0.00871
    10	0.00871
   567	0.00871
   375	0.00871
    10	0.00871
    11	0.00871
     7	0.00871
    98	0.00871
   247	0.00871
    73	0.00871
    15	0.00871
   198	0.00871
    17	0.00871
     3	0.00871
   657	0.00871
     3	0.00871
  3072	0.00871
   303	0.00871
    95	0.00871
     2	0.00871
    22	0.00871
   661	0.00871
  1074	0.00871
     8	0.00871
   451	0.00871
  1074	0.00871
    17	0.00871
   769	0.00871
   451	0.00871
    22	0.00871
   150	0.00871
  2926	0.00871
   485	0.00871
   244	0.00871
    12	0.00871
  1044	0.00871
     2	0.00871
   245	0.00871
    70	0.00871
    32	0.00871
    26	0.00871
   262	0.00871
     2	0.00871
    23	0.00871
    16	0.00871
   178	0.00871
     2	0.00871
     6	0.00871
   120	0.00871
    15	0.00871
    42	0.00871
    46	0.00871
    17	0.00871
  1558	0.00871
  1771	0.00871
   196	0.00871
     2	0.00871
   113	0.00871
   259	0.00871
    14	0.00871
     2	0.00871
  1253	0.00871
    22	0.00871
   159	0.00871
   542	0.00871
   136	0.00871
     5	0.00731
  3431	0.00731
  1763	0.00731
    21	0.00731
   204	0.00731
   743	0.00731
   749	0.00731
   537	0.00731
  1413	0.00731
  3041	0.00731
   943	0.00731
  6996	0.00731
    21	0.00731
    73	0.00731
    16	0.00731
    49	0.00731
     9	0.00731
    21	0.00731
    46	0.00731
   324	0.00731
    25	0.00731
     2	0.00731
    10	0.00731
  1395	0.00731
    90	0.00731
  1169	0.00731
   442	0.00731
     7	0.00731
    16	0.00731
     3	0.00731
    30	0.00731
  8947	0.00731
    55	0.00731
    16	0.00731
   424	0.00731
    13	0.00731
    14	0.00731
    49	0.00731
   815	0.00731
     2	0.00731
   359	0.00731
    76	0.00731
   655	0.00731
     4	0.00731
   251	0.00731
     4	0.00731
  1476	0.00731
    33	0.00731
  1027	0.00731
   179	0.00731
   961	0.00731
  1418	0.00731
    14	0.00731
   538	0.00731
  2400	0.00731
   188	0.00731
   129	0.00731
   363	0.00731
   684	0.00731
   769	0.00731
     8	0.00731
  2251	0.00731
   988	0.00731
   932	0.00731
  1744	0.00731
    22	0.00731
    76	0.00731
   271	0.00731
   636	0.00731
   184	0.00731
   697	0.00731
   138	0.00731
    12	0.00731
  1651	0.00731
  3153	0.00731
   223	0.00731
   705	0.00731
   100	0.00731
    27	0.00731
    38	0.00731
    55	0.00731
   772	0.00731
  1431	0.00236
  7161	0.00236
  2056	0.00236
   419	0.00236
   448	0.00236
   623	0.00236
   360	0.00236
  3784	0.00236
   182	0.00236
 10646	0.00236
   163	0.00236
  2302	0.00236
  3887	0.00236
     3	0.00236
  9730	0.00236
 20005	0.00236
   418	0.00236
  6519	0.00236
  1543	0.00236
    46	0.00236
   260	0.00236
   145	0.00236
 13897	0.00236
   148	0.00236
  2339	0.00236
   155	0.00236
  2508	0.00236
  2945	0.00236
  1811	0.00236
    55	0.00236
    68	0.00236
    66	0.00236
 15853	0.00236
    41	0.00236
  1376	0.00236
   256	0.00236
  7466	0.00236
   731	0.00236
     2	0.00236
     2	0.00236
  4760	0.00236
    60	0.00236
    16	0.00236
     4	0.00236
  9096	0.00236
   887	0.00236
    15	0.00236
  1961	0.00236
  1780	0.00236
  3393	0.00236
  1078	0.00236
    70	0.00052
  7086	0.00052
  3435	0.00052
  9096	0.00052
   836	0.00052
  6538	0.00052
  5891	0.00052
 11877	0.00052
  1391	0.00052
  3034	0.00052
     8	0.00052
  1787	0.00052
  1149	0.00052
  1901	0.00052
  1486	0.00052
  4803	0.00052
     2	0.00052
  8550	0.00052
   803	0.00052
     3	0.00052
     2	0.00052
  3099	0.00052
    10	0.00052
     4	0.00052
  4431	0.00052
    29	0.00052
  1245	0.00052
  3239	0.00052
 19138	0.00052
    11	0.00052
     2	0.00052
  1181	0.00052
     2	0.00047
     4	0.00047
   139	0.00047
 31528	0.00047
  3445	0.00047
   149	0.00047
  2584	0.00047
  6582	0.00047
  3908	0.00047
    57	0.00047
 32666	0.00047
    60	0.00047
  2323	0.00047
  3661	0.00047
  5818	0.00047
    66	0.00047
   772	0.00047
  2812	0.00047
    14	0.00047
  5849	0.00047
     2	0.00047
   154	0.00047
  3603	0.00047
     2	0.00047
    12	0.00047
  1993	0.00047
    58	0.00047
  6423	0.00047
   165	0.00047
     7	0.00047
  7107	0.00047
 58867	0.00047
151185	0.00047
   1495096
   25
