 164
   150	0.00624
   546	0.00624
    19	0.00624
    16	0.00624
    32	0.00624
    72	0.00624
    34	0.00624
    40	0.00624
   109	0.00624
    69	0.00624
    62	0.00624
   253	0.00624
    32	0.00624
   101	0.00624
   382	0.00624
     7	0.00624
   266	0.00624
    64	0.00624
     3	0.00624
   294	0.00624
     8	0.00624
   120	0.00624
   114	0.00624
    41	0.00624
    85	0.00624
   183	0.00624
   195	0.00624
   288	0.00624
    10	0.00624
   281	0.00624
    93	0.00624
   150	0.00624
   257	0.00624
    61	0.00624
     3	0.00624
    82	0.00624
   104	0.00624
    62	0.00624
    35	0.00624
    61	0.00624
     6	0.00624
   104	0.00624
    54	0.00624
   193	0.00624
   443	0.00624
    85	0.00624
    59	0.00624
   161	0.00624
     2	0.00624
     2	0.00624
    18	0.00624
   506	0.00624
     6	0.00624
    59	0.00624
     7	0.00624
     2	0.00624
     2	0.00624
    47	0.00624
   749	0.00624
    17	0.00624
     3	0.00819
     3	0.00819
    16	0.00819
   131	0.00819
    22	0.00819
   104	0.00819
    26	0.00819
    65	0.00819
    40	0.00819
    21	0.00819
     6	0.00819
    56	0.00819
    86	0.00819
    14	0.00819
    81	0.00819
     5	0.00819
   152	0.00819
    70	0.00819
   291	0.00819
   171	0.00819
    16	0.00819
    57	0.00819
   372	0.00819
     3	0.00819
     2	0.00819
    36	0.00819
    24	0.00819
    48	0.00819
    96	0.00819
   130	0.00819
    68	0.00819
   164	0.00819
   119	0.00819
   229	0.00819
    24	0.00819
   405	0.00819
    18	0.00819
    32	0.00819
    16	0.00819
    16	0.00819
    31	0.00819
    27	0.00819
    24	0.00819
   760	0.00819
    73	0.00819
   144	0.00819
    62	0.00819
    63	0.00819
   150	0.00863
   232	0.00863
    68	0.00863
   239	0.00863
   107	0.00863
    98	0.00863
     5	0.00863
     3	0.00863
     2	0.00863
    12	0.00863
    62	0.00863
   102	0.00863
   540	0.00863
   159	0.00863
   111	0.00863
     8	0.00863
     6	0.00863
    30	0.00863
     6	0.00863
    99	0.00863
    16	0.00863
    17	0.00863
   217	0.00863
    56	0.00863
     9	0.00863
    31	0.00863
     3	0.00863
   169	0.00863
    45	0.00863
    10	0.00863
    44	0.00863
    54	0.00863
    19	0.00863
    22	0.00863
    35	0.00863
    34	0.00863
    31	0.00863
   287	0.00863
     4	0.00863
     4	0.00863
    25	0.00863
     3	0.00863
    19	0.00863
    36	0.00863
     7	0.00863
     2	0.00863
    36	0.00863
     8	0.00863
    63	0.00863
    28	0.00863
    13	0.00863
     3	0.00863
    86	0.00863
    27	0.00863
     2	0.00863
    88	0.00863
    892056
   11
