  90
 22309	0.00007
 96229	0.00007
 23542	0.00007
100863	0.00007
  8523	0.00007
 23621	0.00007
 16868	0.00009
     2	0.00009
  5758	0.00009
 78081	0.00009
  1928	0.00009
  4974	0.00009
  3503	0.00009
  2728	0.00009
   289	0.00009
 37313	0.00018
 14092	0.00018
     3	0.00018
  1987	0.00018
 23669	0.00018
  2705	0.00018
  5933	0.00018
 12927	0.00018
    26	0.00018
  4314	0.00018
   130	0.00018
  8182	0.00018
     4	0.00018
  2099	0.00018
  1499	0.00018
 24640	0.00018
   349	0.00018
 77560	0.00018
  7457	0.00018
  1887	0.00019
  6507	0.00019
  1874	0.00019
  8233	0.00019
  4790	0.00019
  1381	0.00019
 11824	0.00019
  8462	0.00019
 30762	0.00019
    67	0.00019
  1461	0.00019
    21	0.00019
 30759	0.00019
    23	0.00019
   121	0.00019
  1231	0.00019
102594	0.00023
   988	0.00023
  3486	0.00023
 28937	0.00023
  7766	0.00023
   381	0.00023
 35161	0.00023
     2	0.00023
  7224	0.00023
  4039	0.00023
  1438	0.00023
   549	0.00023
 14608	0.00023
  2269	0.00023
  4368	0.00023
 28600	0.00018
 14498	0.00018
124041	0.00018
   251	0.00018
    27	0.00018
  5428	0.00018
    32	0.00018
 12604	0.00018
    64	0.00018
   253	0.00018
 24970	0.00018
  1339	0.00018
  5587	0.00018
 12498	0.00015
 36238	0.00015
145155	0.00015
 15431	0.00015
  1967	0.00015
  2442	0.00015
   628	0.00015
     8	0.00015
    37	0.00015
  2753	0.00015
   855	0.00015
 22056	0.00015
   1768582
   18
