 269
  2020	0.01210
    13	0.01210
  3624	0.01210
   121	0.01210
    18	0.01210
     3	0.01210
     6	0.01210
   230	0.01210
     2	0.01210
     8	0.01210
    10	0.01210
    55	0.01210
   926	0.01210
     4	0.01210
   418	0.01210
    14	0.01210
    24	0.01210
    40	0.01210
    16	0.01210
     5	0.01210
     2	0.01210
     3	0.01210
   127	0.01210
    73	0.01210
   547	0.01210
    65	0.01210
     7	0.01210
     7	0.01210
    65	0.01210
   181	0.01210
    11	0.01210
     7	0.01210
    38	0.01210
   351	0.01210
    33	0.01210
    17	0.01210
    29	0.01210
    17	0.01210
    63	0.01210
    26	0.01210
     5	0.01210
    30	0.01210
     3	0.01210
    33	0.01210
     4	0.01210
    14	0.01210
   116	0.01210
    68	0.01210
     3	0.01210
    37	0.01210
     5	0.01210
    28	0.01210
    42	0.01210
    63	0.01210
    13	0.01210
    17	0.01210
    13	0.01210
   187	0.01210
    26	0.01210
    38	0.01210
    67	0.01210
    71	0.01210
     9	0.01210
    17	0.01210
    11	0.01210
    26	0.01210
    16	0.01210
     9	0.01210
    31	0.01210
    75	0.01210
   103	0.01210
    35	0.01210
   632	0.01210
   100	0.01210
    26	0.01210
   261	0.01210
     4	0.01210
    15	0.01210
     8	0.01210
  1303	0.01210
   898	0.01350
    55	0.01350
    58	0.01350
    10	0.01350
    23	0.01350
   257	0.01350
     2	0.01350
    26	0.01350
     9	0.01350
    35	0.01350
    84	0.01350
    74	0.01350
    59	0.01350
     5	0.01350
     6	0.01350
     6	0.01350
   330	0.01350
     9	0.01350
    13	0.01350
   147	0.01350
   593	0.01350
     7	0.01350
    41	0.01350
    50	0.01350
    25	0.01350
   627	0.01350
   122	0.01350
   309	0.01350
    50	0.01350
     2	0.01350
    74	0.01350
    18	0.01350
     7	0.01350
   157	0.01350
    97	0.01350
     3	0.01350
     2	0.01350
     4	0.01350
    13	0.01350
    65	0.01350
    66	0.01350
   150	0.01350
   180	0.01350
     7	0.01350
     2	0.01350
   482	0.01350
   378	0.01350
   126	0.01350
  2207	0.01350
    65	0.01350
   141	0.01350
     8	0.01350
   192	0.01350
    10	0.01350
     5	0.01350
   211	0.01350
    29	0.01350
     7	0.01350
     4	0.01350
     2	0.01350
     2	0.01350
    53	0.01350
     8	0.01350
    16	0.01350
   200	0.01350
   367	0.01350
   188	0.01350
    57	0.01350
     6	0.01350
     7	0.01350
     7	0.01350
    12	0.01350
   208	0.01350
     2	0.01350
     3	0.01350
   153	0.01574
    35	0.01574
     7	0.01574
    27	0.01574
    19	0.01574
    34	0.01574
    22	0.01574
  2779	0.01574
    48	0.01574
   151	0.01574
    41	0.01574
    10	0.01574
    12	0.01574
    36	0.01574
    71	0.01574
     2	0.01574
   285	0.01574
    17	0.01574
    42	0.01574
    71	0.01574
    10	0.01574
     8	0.01574
    12	0.01574
    78	0.01574
    32	0.01574
     2	0.01574
     2	0.01574
    76	0.01574
    18	0.01574
    15	0.01574
     3	0.01574
     2	0.01574
   114	0.01574
   403	0.01574
    34	0.01574
   149	0.01574
    13	0.01574
   270	0.01574
    53	0.01574
     6	0.01574
   151	0.01574
    19	0.01574
     2	0.01574
    10	0.01574
    68	0.01574
  1667	0.01574
     3	0.01574
    48	0.01574
     9	0.01574
    19	0.01574
   267	0.01574
     7	0.01574
    13	0.01574
    11	0.01574
    81	0.01574
    71	0.01574
     3	0.01574
   159	0.01574
     5	0.01574
    25	0.01574
    16	0.01574
    66	0.01574
     6	0.01574
    29	0.01574
     4	0.01574
    11	0.01574
    33	0.01574
    41	0.01574
    41	0.01574
    43	0.01574
   126	0.01574
     2	0.01574
     3	0.01574
     7	0.01574
    88	0.01574
    26	0.01574
     2	0.01574
   345	0.01574
    15	0.01574
     2	0.01574
    17	0.01574
     2	0.01574
    52	0.01574
   353	0.01574
    16	0.01574
    21	0.01574
   161	0.01574
    33	0.01574
    20	0.01574
     9	0.01574
     5	0.01574
    89	0.01574
   117	0.01574
    38	0.01574
   869	0.01574
     9	0.01574
     5	0.01574
     9	0.01574
    12	0.01574
    13	0.01574
    86	0.01574
    87	0.01574
     4	0.01574
    62	0.01574
    21	0.01574
     8	0.01574
    17	0.01574
    46	0.01574
    13	0.01574
    14	0.01574
     2	0.01574
    17	0.01574
    47	0.01574
     2	0.01574
    892056
   24
