 275
  3143	0.00386
  1944	0.00386
  4247	0.00386
  1311	0.00386
  7720	0.00386
     7	0.00386
    12	0.00386
  1646	0.00386
    22	0.00386
   163	0.00386
    22	0.00386
   914	0.00386
   122	0.00386
  2080	0.00386
  1018	0.00386
   230	0.00386
   108	0.00386
   566	0.00386
  8499	0.00386
     2	0.00386
     8	0.00386
   604	0.00386
    25	0.00386
  2131	0.00386
  3064	0.00386
   240	0.00386
  1742	0.00386
  3094	0.00386
  7060	0.00386
  1051	0.00386
   691	0.00386
   471	0.00386
  1825	0.00386
  1675	0.00386
    13	0.00386
   590	0.00386
    25	0.00386
   640	0.00386
   682	0.00386
   506	0.00386
   550	0.00386
     5	0.00386
   606	0.00386
    50	0.00386
  2262	0.00386
   290	0.00386
  6723	0.00386
   832	0.00386
    92	0.00386
  1944	0.00386
   324	0.00386
   958	0.00386
     4	0.00386
   187	0.00386
   201	0.00386
    36	0.00386
    75	0.00386
   120	0.00386
   188	0.00386
    10	0.00386
  1071	0.00386
   288	0.00386
   173	0.00386
  1617	0.00386
   126	0.00386
  1013	0.00386
  1018	0.00386
   138	0.00386
   197	0.00386
    23	0.00386
    19	0.00386
   535	0.00386
   141	0.00386
   545	0.00386
   192	0.00386
  1420	0.00386
  1186	0.00386
  2720	0.00386
   245	0.00386
   452	0.00386
     7	0.00386
   773	0.00386
   107	0.00386
  1677	0.00386
   162	0.00386
  2067	0.00386
   490	0.00386
    23	0.00386
   259	0.00386
   716	0.00386
   355	0.00386
  3148	0.00386
  1618	0.00386
  1506	0.00386
   332	0.00386
   837	0.00386
  1935	0.00386
    78	0.00386
   155	0.00386
   663	0.00386
    37	0.00386
   101	0.00386
    17	0.00386
   155	0.00386
    14	0.00386
   773	0.00386
   225	0.00386
  1041	0.00386
    57	0.00386
    84	0.00386
   808	0.00386
   108	0.00386
     8	0.00386
   824	0.00386
  1035	0.00386
   119	0.00386
    85	0.00386
   185	0.00386
   670	0.00386
   440	0.00386
     6	0.00386
   662	0.00386
    16	0.00386
   447	0.00386
  4427	0.00386
   850	0.00386
    91	0.00386
   773	0.00386
  1084	0.00386
    16	0.00386
    68	0.00386
  1200	0.00386
  2372	0.00386
    90	0.00386
     6	0.00532
    35	0.00532
  1552	0.00532
   156	0.00532
     7	0.00532
   749	0.00532
     8	0.00532
    29	0.00532
     5	0.00532
     2	0.00532
  1273	0.00532
    85	0.00532
   430	0.00532
     2	0.00532
   628	0.00532
   150	0.00532
    60	0.00532
  6932	0.00532
  2488	0.00532
     9	0.00532
    87	0.00532
    14	0.00532
     5	0.00532
   139	0.00532
    78	0.00532
   142	0.00532
   529	0.00532
   536	0.00532
   115	0.00532
   628	0.00532
   219	0.00532
   133	0.00532
   297	0.00532
    60	0.00532
  1880	0.00532
   770	0.00532
   559	0.00532
   756	0.00532
     3	0.00532
    77	0.00532
  8910	0.00532
    40	0.00532
 31180	0.00532
     4	0.00532
  1970	0.00532
    18	0.00532
    48	0.00532
   396	0.00532
    14	0.00532
  1336	0.00532
     9	0.00532
    41	0.00532
   437	0.00532
   117	0.00532
   194	0.00532
    19	0.00532
   106	0.00532
    58	0.00532
     7	0.00532
  2452	0.00532
    39	0.00532
     3	0.00532
    31	0.00532
   179	0.00532
   113	0.00532
   460	0.00532
     5	0.00532
  1587	0.00532
   264	0.00532
   265	0.00532
    31	0.00532
     4	0.00532
    65	0.00532
     2	0.00532
    41	0.00532
     4	0.00532
   279	0.00532
    96	0.00532
  2915	0.00532
    22	0.00532
    16	0.00532
   643	0.00532
  1649	0.00532
  1214	0.00532
  3287	0.00532
   488	0.00532
   310	0.00532
   631	0.00532
    36	0.00532
    43	0.00532
  1086	0.00532
    36	0.00532
  1079	0.00532
  1000	0.00532
   180	0.00532
  1515	0.00532
    16	0.00532
   316	0.00532
    49	0.00532
    34	0.00532
     3	0.00532
    30	0.00532
   652	0.00532
     8	0.00532
    53	0.00532
   676	0.00532
    17	0.00532
   117	0.00532
   232	0.00532
  1635	0.00532
     7	0.00532
   857	0.00532
     5	0.00532
   859	0.00532
  2650	0.00532
   524	0.00532
    31	0.00532
  1095	0.00532
  1025	0.00532
   139	0.00532
    81	0.00532
   252	0.00532
   549	0.00532
    12	0.00532
    23	0.00532
  1140	0.00532
  3697	0.00532
  1181	0.00532
   244	0.00532
    36	0.00532
  2234	0.00532
  3266	0.00532
  6242	0.00532
 18264	0.00532
  1751	0.00532
    10	0.00532
   426	0.00532
   950	0.00532
    53	0.00532
   130	0.00532
     4	0.00532
    823970
   23
