2215
  4754	0.00046
 25174	0.00046
 12720	0.00046
   926	0.00046
  8385	0.00046
  2046	0.00046
 19046	0.00046
  1280	0.00046
  1194	0.00046
  2271	0.00046
  5546	0.00046
  1977	0.00046
 15912	0.00046
  3809	0.00046
    79	0.00046
   495	0.00046
  4076	0.00046
   907	0.00046
  4629	0.00046
   408	0.00046
     2	0.00046
 24814	0.00046
    81	0.00046
     8	0.00046
     2	0.00046
   161	0.00046
 17777	0.00046
 19488	0.00046
   861	0.00046
  3498	0.00046
   143	0.00046
   196	0.00046
    11	0.00046
  3216	0.00046
  6217	0.00046
   168	0.00046
   505	0.00046
  3170	0.00046
     8	0.00046
   928	0.00046
 17945	0.00046
  2579	0.00046
     3	0.00046
  5737	0.00046
  1009	0.00046
  6139	0.00046
    28	0.00046
   612	0.00046
  7035	0.00046
  1392	0.00046
    26	0.00046
  1113	0.00046
   690	0.00046
     2	0.00046
   960	0.00046
  1327	0.00046
 21565	0.00046
  1220	0.00046
     2	0.00046
  4612	0.00046
   143	0.00046
 25185	0.00046
  4506	0.00046
    54	0.00046
   754	0.00046
  2055	0.00046
  9343	0.00046
  3126	0.00046
 43210	0.00046
103748	0.00046
 18998	0.00046
   193	0.00046
   502	0.00046
    79	0.00046
 10672	0.00046
  5652	0.00058
   102	0.00058
 13345	0.00058
 39319	0.00058
  1972	0.00058
    10	0.00058
  1982	0.00058
 18090	0.00058
  1507	0.00058
 22150	0.00058
  6137	0.00058
  7658	0.00058
  4652	0.00058
  1096	0.00058
    41	0.00058
   619	0.00058
  5338	0.00058
 20172	0.00058
   139	0.00058
  1712	0.00058
  5874	0.00058
  3103	0.00058
   468	0.00058
   823	0.00058
   943	0.00058
  7254	0.00058
 31408	0.00058
     3	0.00058
   343	0.00058
  2245	0.00058
  1220	0.00058
  8671	0.00058
 26390	0.00058
 33882	0.00058
  2493	0.00058
  3384	0.00058
  2268	0.00058
  5274	0.00058
   540	0.00058
     2	0.00058
   322	0.00058
  1828	0.00058
 30554	0.00058
     7	0.00058
  2829	0.00058
  2867	0.00058
    36	0.00058
  9672	0.00058
   163	0.00058
 11342	0.00058
   964	0.00058
     3	0.00058
  1141	0.00058
 12052	0.00058
  1971	0.00058
  1963	0.00058
     2	0.00058
     2	0.00058
     2	0.00058
     3	0.00058
  4581	0.00058
  3127	0.00058
  2311	0.00058
  1498	0.00058
 19768	0.00058
   128	0.00058
     2	0.00058
 18629	0.00058
  1338	0.00058
  4725	0.00058
  7087	0.00058
    52	0.00058
  1275	0.00058
    66	0.00058
  4015	0.00058
    39	0.00058
 16299	0.00058
  4380	0.00058
  1906	0.00058
  4428	0.00058
  3961	0.00058
  2505	0.00058
 15249	0.00058
  1505	0.00058
  2794	0.00083
    62	0.00083
  2813	0.00083
  3104	0.00083
     3	0.00083
   169	0.00083
  3009	0.00083
   362	0.00083
  2381	0.00083
   468	0.00083
  1327	0.00083
     3	0.00083
   988	0.00083
 38692	0.00083
    67	0.00083
   440	0.00083
   268	0.00083
   179	0.00083
   213	0.00083
     6	0.00083
    59	0.00083
   671	0.00083
     7	0.00083
    20	0.00083
   174	0.00083
  5309	0.00083
  4871	0.00083
   199	0.00083
   188	0.00083
  4131	0.00083
   664	0.00083
  1422	0.00083
    24	0.00083
   639	0.00083
    16	0.00083
  1193	0.00083
     2	0.00083
  1467	0.00083
  8291	0.00083
    39	0.00083
     2	0.00083
  6837	0.00083
     7	0.00083
     7	0.00083
  3016	0.00083
  1440	0.00083
    18	0.00083
     7	0.00083
  6803	0.00083
 39412	0.00083
  2559	0.00083
108913	0.00083
    44	0.00083
  2287	0.00083
    37	0.00083
  5098	0.00083
   705	0.00083
   348	0.00083
   297	0.00083
   469	0.00083
   268	0.00083
    16	0.00083
     3	0.00083
  2782	0.00083
    37	0.00083
    20	0.00083
  1920	0.00083
  1893	0.00083
  2891	0.00083
  2505	0.00083
   444	0.00083
     3	0.00083
  6715	0.00083
  2333	0.00083
  1711	0.00083
    24	0.00083
  4154	0.00083
  3592	0.00083
  5293	0.00083
  6362	0.00083
     9	0.00083
  3907	0.00083
  6986	0.00083
  8297	0.00083
 11050	0.00083
 11866	0.00083
  7154	0.00083
  1806	0.00083
  3170	0.00083
 19422	0.00083
  1377	0.00083
    21	0.00083
   169	0.00083
  1279	0.00083
  7836	0.00083
  2597	0.00083
  1059	0.00083
  2556	0.00083
  8389	0.00083
   277	0.00083
  3249	0.00083
   148	0.00083
     2	0.00083
     2	0.00054
  2493	0.00054
  5216	0.00054
   863	0.00054
   122	0.00054
     4	0.00054
 10659	0.00054
   836	0.00054
  3613	0.00054
  1348	0.00054
  4567	0.00054
  8146	0.00054
  4291	0.00054
    24	0.00054
    12	0.00054
  3240	0.00054
 19614	0.00054
  8243	0.00054
   121	0.00054
  5581	0.00054
   589	0.00054
 14110	0.00054
   414	0.00054
 10686	0.00054
  5879	0.00054
  2980	0.00054
     7	0.00054
   985	0.00054
   306	0.00054
  1433	0.00054
  1977	0.00054
   485	0.00054
 10277	0.00054
  1205	0.00054
  1458	0.00054
  8609	0.00054
  1779	0.00054
  3758	0.00054
  1701	0.00054
  6925	0.00054
   823	0.00054
     2	0.00054
  3364	0.00054
   357	0.00054
  1033	0.00054
   345	0.00054
  4290	0.00054
   412	0.00054
 38253	0.00054
  7427	0.00054
  6079	0.00054
  2797	0.00054
  2355	0.00054
  1005	0.00054
  2883	0.00054
    46	0.00054
 11856	0.00054
     8	0.00054
  1756	0.00054
  3424	0.00054
  6033	0.00054
  3369	0.00054
   334	0.00054
  4634	0.00054
  1986	0.00054
    93	0.00054
    86	0.00054
   146	0.00054
  7035	0.00054
  8512	0.00054
 15199	0.00054
  7177	0.00054
   447	0.00054
200240	0.00054
   695	0.00054
  7191	0.00054
 12296	0.00054
   447	0.00054
    66	0.00054
  3521	0.00054
  3895	0.00054
  9350	0.00054
   494	0.00054
  1684	0.00054
  4852	0.00054
  1856	0.00054
    73	0.00054
 13655	0.00076
   938	0.00076
 11014	0.00076
  1546	0.00076
     3	0.00076
  4897	0.00076
  3972	0.00076
   138	0.00076
   637	0.00076
    12	0.00076
   982	0.00076
  2709	0.00076
  4268	0.00076
   735	0.00076
  1466	0.00076
142209	0.00076
 11541	0.00076
     2	0.00076
     7	0.00076
     2	0.00076
   683	0.00076
   894	0.00076
  5785	0.00076
   290	0.00076
   116	0.00076
  3844	0.00076
     7	0.00076
   514	0.00076
  2701	0.00076
    10	0.00076
  3210	0.00076
  8955	0.00076
  9352	0.00076
     6	0.00076
     2	0.00076
   165	0.00076
   238	0.00076
  2646	0.00076
    31	0.00076
     2	0.00076
  3082	0.00076
  3049	0.00076
  4591	0.00076
 13769	0.00076
   524	0.00076
     6	0.00076
     2	0.00076
     5	0.00076
     2	0.00076
     2	0.00076
  2709	0.00076
    55	0.00076
     2	0.00076
   281	0.00076
  2977	0.00076
    89	0.00076
   507	0.00076
  2160	0.00076
   530	0.00076
  3033	0.00076
  2547	0.00076
    35	0.00076
    16	0.00076
    41	0.00076
    21	0.00076
 68595	0.00076
  2028	0.00076
    30	0.00076
  1325	0.00076
   189	0.00076
   230	0.00076
    26	0.00076
  2385	0.00076
   214	0.00076
  8446	0.00076
  4906	0.00076
   432	0.00076
   117	0.00076
     2	0.00076
    18	0.00076
     6	0.00056
  8680	0.00056
  2024	0.00056
  2979	0.00056
  5200	0.00056
   541	0.00056
  2223	0.00056
    27	0.00056
 14353	0.00056
  2620	0.00056
 18892	0.00056
  2298	0.00056
   831	0.00056
  1602	0.00056
   165	0.00056
  5173	0.00056
    23	0.00056
  2368	0.00056
 34207	0.00056
135435	0.00056
  4462	0.00056
  1012	0.00056
 17990	0.00056
    78	0.00056
  8036	0.00056
 22335	0.00056
  1394	0.00056
   428	0.00056
  2814	0.00056
  8046	0.00056
    62	0.00056
  3196	0.00056
  7949	0.00056
     3	0.00056
  3755	0.00056
  3104	0.00056
   374	0.00056
  4340	0.00056
    78	0.00056
  1431	0.00056
  7310	0.00056
    17	0.00056
   107	0.00056
 10897	0.00056
  1318	0.00056
  4969	0.00056
  4333	0.00056
 16662	0.00056
   864	0.00056
   106	0.00056
  7633	0.00056
   184	0.00056
  2468	0.00056
     2	0.00056
  9631	0.00056
  3447	0.00056
    85	0.00056
   661	0.00056
   112	0.00056
    11	0.00056
  1978	0.00056
    60	0.00056
     7	0.00056
  2202	0.00056
  2267	0.00100
  5001	0.00100
    94	0.00100
  1156	0.00100
   461	0.00100
  8180	0.00100
  3707	0.00100
   462	0.00100
    64	0.00100
  1418	0.00100
 11280	0.00100
  4127	0.00100
     3	0.00100
   183	0.00100
  1441	0.00100
  3688	0.00100
  6639	0.00100
  1348	0.00100
    42	0.00100
   555	0.00100
   700	0.00100
     2	0.00100
   838	0.00100
    84	0.00100
   241	0.00100
  2300	0.00100
   178	0.00100
   125	0.00100
  4620	0.00100
  5397	0.00100
 19951	0.00100
    84	0.00100
   461	0.00100
   298	0.00100
 10912	0.00100
  4692	0.00100
  4383	0.00100
   277	0.00100
  1245	0.00100
     9	0.00100
     9	0.00100
   252	0.00100
   327	0.00100
  7838	0.00100
   488	0.00100
  3556	0.00100
 15577	0.00100
  7752	0.00100
  3188	0.00100
   641	0.00100
  1086	0.00100
   315	0.00100
  6338	0.00100
   138	0.00100
  5204	0.00100
    27	0.00100
  6797	0.00100
  2312	0.00100
 16513	0.00100
  1684	0.00100
  1674	0.00100
   509	0.00100
   270	0.00100
    29	0.00100
  8084	0.00100
     3	0.00100
  1887	0.00100
   510	0.00100
    76	0.00100
  2110	0.00100
     2	0.00100
     6	0.00100
   336	0.00100
  1422	0.00100
   899	0.00100
  3996	0.00100
  2570	0.00100
  6702	0.00100
     6	0.00100
   121	0.00100
  2838	0.00100
  1955	0.00100
    89	0.00100
   657	0.00100
     7	0.00100
  9539	0.00100
   440	0.00100
  2380	0.00100
  1802	0.00100
  1717	0.00100
  1921	0.00100
  4456	0.00100
   200	0.00100
   108	0.00100
    80	0.00100
   664	0.00100
  2152	0.00100
  1740	0.00100
  5851	0.00100
   284	0.00100
  2021	0.00100
    46	0.00100
   108	0.00100
     5	0.00100
   202	0.00100
    13	0.00100
   427	0.00100
    40	0.00100
  2169	0.00100
     2	0.00100
   604	0.00100
   115	0.00100
     5	0.00100
  4789	0.00100
 11093	0.00100
    38	0.00100
  3262	0.00100
   219	0.00100
  2758	0.00100
   536	0.00100
  4465	0.00100
   812	0.00135
     5	0.00135
    13	0.00135
  2234	0.00135
  1434	0.00135
  2753	0.00135
  1615	0.00135
    60	0.00135
   253	0.00135
    29	0.00135
    10	0.00135
   617	0.00135
   244	0.00135
    90	0.00135
  3864	0.00135
  2176	0.00135
    17	0.00135
   185	0.00135
     9	0.00135
     7	0.00135
   131	0.00135
   383	0.00135
    25	0.00135
  2768	0.00135
  3483	0.00135
  4432	0.00135
     9	0.00135
  1351	0.00135
  2803	0.00135
   988	0.00135
   750	0.00135
   329	0.00135
     9	0.00135
   159	0.00135
     7	0.00135
    46	0.00135
   243	0.00135
    76	0.00135
  2684	0.00135
  4504	0.00135
     8	0.00135
    12	0.00135
  3878	0.00135
    19	0.00135
  1000	0.00135
  3124	0.00135
  1191	0.00135
    31	0.00135
   292	0.00135
   691	0.00135
  4166	0.00135
    76	0.00135
  2589	0.00135
  4917	0.00135
    47	0.00135
  5047	0.00135
   215	0.00135
  1265	0.00135
   638	0.00135
     2	0.00135
  9832	0.00135
    59	0.00135
   642	0.00135
  2349	0.00135
    85	0.00135
   822	0.00135
   809	0.00135
    55	0.00135
     9	0.00135
  2048	0.00135
   157	0.00135
    33	0.00135
   669	0.00135
    45	0.00135
   215	0.00135
   132	0.00135
     3	0.00135
   175	0.00135
 15693	0.00135
    52	0.00135
    13	0.00135
  1715	0.00135
  4537	0.00135
128299	0.00135
    97	0.00143
  2258	0.00143
     2	0.00143
  3037	0.00143
   105	0.00143
  2002	0.00143
  1662	0.00143
  1418	0.00143
     2	0.00143
 15898	0.00143
   833	0.00143
  1859	0.00143
    65	0.00143
    14	0.00143
  1187	0.00143
     8	0.00143
     7	0.00143
     3	0.00143
  1939	0.00143
  1816	0.00143
  5005	0.00143
   356	0.00143
  1602	0.00143
   604	0.00143
    24	0.00143
  1054	0.00143
   462	0.00143
   107	0.00143
   891	0.00143
  1430	0.00143
   415	0.00143
  1180	0.00143
  6976	0.00143
  1040	0.00143
   595	0.00143
    54	0.00143
  1722	0.00143
   921	0.00143
   125	0.00143
  3396	0.00143
  2529	0.00143
     9	0.00143
  4163	0.00143
    12	0.00143
   885	0.00143
    31	0.00143
     9	0.00143
     2	0.00143
     3	0.00143
   927	0.00143
  2031	0.00143
     8	0.00143
   106	0.00143
  1530	0.00143
  1880	0.00143
  1621	0.00143
     2	0.00143
  5237	0.00143
  2336	0.00143
     4	0.00143
   611	0.00143
   478	0.00143
  2921	0.00143
  7384	0.00143
  2777	0.00143
   419	0.00143
   399	0.00143
  3172	0.00143
  3868	0.00143
    11	0.00143
   116	0.00143
     3	0.00143
  1972	0.00143
     4	0.00143
    45	0.00143
  2461	0.00143
  1035	0.00143
  3121	0.00143
   252	0.00143
   477	0.00143
  2924	0.00143
     2	0.00143
   326	0.00143
  2621	0.00143
    61	0.00143
    49	0.00143
     8	0.00143
  2048	0.00143
  2901	0.00143
   389	0.00143
  1243	0.00143
   168	0.00143
  3010	0.00143
    12	0.00143
     2	0.00143
    23	0.00143
     5	0.00143
   276	0.00143
   831	0.00143
  2133	0.00143
   638	0.00143
     8	0.00143
  4070	0.00143
    12	0.00143
    93	0.00143
  3122	0.00143
   542	0.00143
    14	0.00143
  1410	0.00143
   338	0.00122
   162	0.00122
  2648	0.00122
    12	0.00122
  1637	0.00122
  1003	0.00122
    70	0.00122
     7	0.00122
    15	0.00122
   188	0.00122
  3334	0.00122
   163	0.00122
    59	0.00122
  2652	0.00122
   888	0.00122
     2	0.00122
  1922	0.00122
  1598	0.00122
  1458	0.00122
  4671	0.00122
    69	0.00122
   785	0.00122
  1625	0.00122
  2831	0.00122
    13	0.00122
  1513	0.00122
    79	0.00122
    49	0.00122
  1057	0.00122
  1752	0.00122
    24	0.00122
   751	0.00122
    57	0.00122
   652	0.00122
   451	0.00122
  5325	0.00122
   277	0.00122
  1218	0.00122
   116	0.00122
  3037	0.00122
    46	0.00122
    29	0.00122
  8381	0.00122
  2061	0.00122
    36	0.00122
    64	0.00122
 25169	0.00122
  2520	0.00122
    14	0.00122
  3360	0.00122
   321	0.00122
   412	0.00122
  1890	0.00122
   486	0.00122
    54	0.00122
    12	0.00122
     7	0.00122
    15	0.00122
   515	0.00122
  2474	0.00122
   931	0.00122
     3	0.00122
  3258	0.00122
   905	0.00122
    98	0.00122
   134	0.00122
    64	0.00122
  1979	0.00122
  2273	0.00122
    85	0.00122
  3096	0.00122
    81	0.00122
    13	0.00122
   459	0.00122
   831	0.00122
     5	0.00122
  1272	0.00122
  2281	0.00122
     3	0.00122
  3597	0.00122
  1994	0.00122
  1156	0.00122
  4607	0.00122
    29	0.00122
    37	0.00122
  3329	0.00122
  1116	0.00122
   448	0.00122
   687	0.00122
  2430	0.00122
  6806	0.00122
  8428	0.00122
     3	0.00122
     4	0.00122
    93	0.00122
  2387	0.00122
   911	0.00122
   712	0.00122
  5066	0.00122
   559	0.00122
   157	0.00122
  1564	0.00122
  1587	0.00122
   369	0.00122
    13	0.00122
   107	0.00122
  2011	0.00122
    41	0.00122
   206	0.00122
  5616	0.00122
    48	0.00122
  5032	0.00122
   224	0.00122
  3011	0.00122
     3	0.00122
    86	0.00122
    14	0.00145
   399	0.00145
   299	0.00145
    35	0.00145
  3107	0.00145
    10	0.00145
  1033	0.00145
  1816	0.00145
  1540	0.00145
   578	0.00145
    75	0.00145
   274	0.00145
  4062	0.00145
  1592	0.00145
  1751	0.00145
    11	0.00145
  4813	0.00145
  1176	0.00145
  1583	0.00145
   339	0.00145
   989	0.00145
   309	0.00145
  2561	0.00145
   111	0.00145
  4611	0.00145
  1126	0.00145
    44	0.00145
  9745	0.00145
  1428	0.00145
 15489	0.00145
   181	0.00145
  1134	0.00145
    18	0.00145
  1039	0.00145
  2748	0.00145
     2	0.00145
    40	0.00145
  1185	0.00145
 13002	0.00145
    44	0.00145
   683	0.00145
   814	0.00145
     3	0.00145
    18	0.00145
  5089	0.00145
   148	0.00145
   462	0.00145
  1658	0.00145
   882	0.00145
  3971	0.00145
   332	0.00145
     5	0.00145
   184	0.00145
  4606	0.00145
  2761	0.00145
    18	0.00145
    18	0.00145
   239	0.00145
     8	0.00145
     3	0.00145
  4315	0.00145
   757	0.00145
  1508	0.00145
     8	0.00145
  1611	0.00145
  1353	0.00145
   194	0.00145
  1249	0.00145
    26	0.00145
   271	0.00145
   115	0.00145
  2573	0.00145
   227	0.00145
  3188	0.00145
     4	0.00145
    27	0.00145
     6	0.00145
  2059	0.00145
   159	0.00145
    13	0.00145
  2703	0.00145
  4411	0.00145
  2900	0.00145
   705	0.00145
 36908	0.00145
    14	0.00145
   742	0.00145
     4	0.00145
    60	0.00145
    29	0.00145
    87	0.00145
     3	0.00145
   687	0.00145
    74	0.00145
  1487	0.00145
  1146	0.00145
   338	0.00145
     4	0.00145
 41843	0.00145
    29	0.00145
     4	0.00145
  1772	0.00145
   630	0.00145
    89	0.00145
    51	0.00145
  2227	0.00145
  1252	0.00145
   132	0.00145
  1803	0.00145
     4	0.00145
     3	0.00145
  6466	0.00145
  1711	0.00145
  1241	0.00145
 10233	0.00145
   914	0.00145
  2346	0.00145
    32	0.00145
   504	0.00145
  1088	0.00145
   406	0.00145
   533	0.00145
   178	0.00145
    88	0.00145
    73	0.00145
    36	0.00145
   725	0.00145
    11	0.00145
  2547	0.00145
     3	0.00145
   387	0.00145
  3892	0.00145
   147	0.00145
   868	0.00145
    14	0.00145
   790	0.00145
  1349	0.00145
  4865	0.00145
   541	0.00145
  1318	0.00145
    69	0.00145
  1990	0.00145
  2753	0.00145
  1975	0.00145
   862	0.00145
     4	0.00145
   187	0.00145
  1224	0.00145
  2311	0.00145
  2882	0.00145
  1220	0.00145
  5394	0.00145
  4403	0.00145
   554	0.00145
   159	0.00145
     8	0.00145
    13	0.00145
   116	0.00145
     7	0.00145
  1091	0.00145
    49	0.00145
    39	0.00145
  2132	0.00145
  2673	0.00145
   826	0.00145
    27	0.00145
    62	0.00145
    11	0.00145
    16	0.00145
   240	0.00145
   621	0.00149
  1024	0.00149
   103	0.00149
  1736	0.00149
   251	0.00149
   136	0.00149
  7999	0.00149
    63	0.00149
  1999	0.00149
   442	0.00149
    37	0.00149
   120	0.00149
    20	0.00149
    15	0.00149
     5	0.00149
   107	0.00149
     3	0.00149
  1936	0.00149
   319	0.00149
  1698	0.00149
   347	0.00149
     5	0.00149
  1611	0.00149
   703	0.00149
  2594	0.00149
  1928	0.00149
    44	0.00149
    87	0.00149
     4	0.00149
     2	0.00149
   138	0.00149
   351	0.00149
     2	0.00149
     5	0.00149
    27	0.00149
   792	0.00149
   999	0.00149
    11	0.00149
   595	0.00149
  2077	0.00149
   386	0.00149
    43	0.00149
    33	0.00149
   334	0.00149
   216	0.00149
    41	0.00149
   152	0.00149
  1811	0.00149
  3494	0.00149
   448	0.00149
  9909	0.00149
    47	0.00149
  8639	0.00149
    15	0.00149
  1046	0.00149
   271	0.00149
   579	0.00149
   500	0.00149
  2153	0.00149
   467	0.00149
    38	0.00149
    16	0.00149
   298	0.00149
    45	0.00149
  4330	0.00149
    90	0.00149
  1027	0.00149
   392	0.00149
    46	0.00149
  1920	0.00149
   721	0.00149
  4209	0.00149
    60	0.00149
  3478	0.00149
    14	0.00149
  2262	0.00149
   746	0.00149
    72	0.00149
     7	0.00149
     3	0.00149
    25	0.00149
   157	0.00149
    25	0.00149
    91	0.00149
  1793	0.00149
   271	0.00149
  2980	0.00149
   954	0.00149
   249	0.00149
    80	0.00149
    11	0.00149
  3779	0.00149
    74	0.00149
  1439	0.00149
  1539	0.00149
    47	0.00149
   907	0.00149
  2732	0.00149
   351	0.00149
     7	0.00149
     3	0.00149
    25	0.00149
    91	0.00149
   271	0.00149
   766	0.00149
     6	0.00149
   541	0.00149
     9	0.00149
     2	0.00149
   101	0.00149
   208	0.00149
  1379	0.00149
     2	0.00149
  1531	0.00149
    69	0.00149
   297	0.00149
   160	0.00149
   200	0.00149
   384	0.00149
   172	0.00149
   355	0.00149
     4	0.00149
   654	0.00149
     4	0.00149
   783	0.00149
  6319	0.00149
  1932	0.00149
   756	0.00149
     4	0.00149
    42	0.00149
    44	0.00149
  1263	0.00149
  1018	0.00149
    18	0.00149
   160	0.00149
   307	0.00149
  1482	0.00149
    54	0.00149
    29	0.00149
     3	0.00149
    68	0.00149
    70	0.00149
  3996	0.00149
    60	0.00149
    42	0.00149
     2	0.00149
   188	0.00149
  3836	0.00149
   182	0.00149
   570	0.00149
   166	0.00149
  3849	0.00149
    24	0.00149
  2056	0.00149
  1134	0.00149
    50	0.00149
  7424	0.00149
     8	0.00149
  3062	0.00149
 12086	0.00149
  2788	0.00149
   289	0.00149
   220	0.00149
   542	0.00149
    84	0.00149
  2378	0.00149
   666	0.00149
   114	0.00149
     2	0.00149
    41	0.00149
   101	0.00149
   121	0.00149
   457	0.00149
  1496	0.00149
  2558	0.00149
   497	0.00149
     4	0.00149
  1262	0.00149
   137	0.00149
   124	0.00149
    10	0.00149
   443	0.00149
   856	0.00149
   969	0.00149
   462	0.00149
  1849	0.00149
  1151	0.00149
  3106	0.00149
   514	0.00149
  1404	0.00263
  2747	0.00263
  4146	0.00263
     3	0.00263
   418	0.00263
     2	0.00263
   801	0.00263
    47	0.00263
  1438	0.00263
  1029	0.00263
   549	0.00263
   159	0.00263
   132	0.00263
   204	0.00263
     4	0.00263
    30	0.00263
  6842	0.00263
     6	0.00263
    34	0.00263
  4956	0.00263
  4271	0.00263
    51	0.00263
  5847	0.00263
  1353	0.00263
    10	0.00263
  1290	0.00263
    49	0.00263
    36	0.00263
  2401	0.00263
   669	0.00263
   313	0.00263
 12526	0.00263
  6339	0.00263
  2518	0.00263
    41	0.00263
  9963	0.00263
  8688	0.00263
   808	0.00263
  2453	0.00263
   455	0.00263
  1908	0.00263
   263	0.00263
     8	0.00263
  1039	0.00263
   188	0.00263
  1502	0.00263
    41	0.00263
   291	0.00263
   646	0.00263
    39	0.00263
  1300	0.00263
   831	0.00263
  1063	0.00263
     3	0.00263
    79	0.00263
  2493	0.00263
    65	0.00263
     7	0.00263
   655	0.00263
     3	0.00263
  5262	0.00263
 13033	0.00263
   415	0.00263
  1233	0.00263
   497	0.00263
  1452	0.00263
    25	0.00263
  1556	0.00263
    20	0.00263
   299	0.00263
   103	0.00263
  3946	0.00263
  1184	0.00263
    10	0.00263
     9	0.00263
  3184	0.00263
  1247	0.00263
    17	0.00263
  1843	0.00263
    86	0.00263
  1773	0.00263
  2104	0.00263
  5291	0.00263
   793	0.00263
   879	0.00263
    27	0.00263
   729	0.00263
   731	0.00263
   749	0.00263
   147	0.00263
    28	0.00263
   565	0.00263
    14	0.00263
     4	0.00263
     2	0.00263
  1602	0.00263
  1001	0.00263
    11	0.00263
   301	0.00263
   337	0.00263
   132	0.00263
    23	0.00263
  6460	0.00263
    53	0.00263
  4679	0.00263
   315	0.00263
   757	0.00263
   566	0.00263
    75	0.00263
   528	0.00263
    10	0.00263
   566	0.00263
    75	0.00263
     2	0.00263
  3332	0.00263
    94	0.00263
  1026	0.00263
  3211	0.00263
    93	0.00263
    53	0.00263
   543	0.00263
  6526	0.00263
  1396	0.00263
     3	0.00263
   231	0.00263
    44	0.00263
   633	0.00263
   595	0.00263
     6	0.00263
     2	0.00263
     4	0.00263
     6	0.00263
   319	0.00263
     3	0.00263
    34	0.00263
     2	0.00263
    18	0.00263
   158	0.00263
  1590	0.00263
    10	0.00263
     6	0.00263
  7756	0.00263
    15	0.00263
     4	0.00263
  1138	0.00263
  2913	0.00263
   183	0.00263
   102	0.00263
   108	0.00263
  1034	0.00263
   856	0.00263
   206	0.00263
   982	0.00263
   317	0.00263
   450	0.00263
  1011	0.00263
   292	0.00263
    11	0.00263
    17	0.00263
    67	0.00263
     3	0.00263
     5	0.00263
   460	0.00263
     3	0.00263
    19	0.00263
  1520	0.00263
  1303	0.00263
   962	0.00263
     3	0.00263
   147	0.00263
  1484	0.00263
  1111	0.00263
    23	0.00263
  2716	0.00263
    42	0.00263
    12	0.00263
  1032	0.00263
   250	0.00263
     5	0.00263
   384	0.00263
  2653	0.00263
   803	0.00263
    17	0.00263
     3	0.00263
  1246	0.00263
  1712	0.00263
  1729	0.00263
  1163	0.00263
    77	0.00628
   487	0.00628
    12	0.00628
    12	0.00628
    11	0.00628
   337	0.00628
   278	0.00628
    93	0.00628
   136	0.00628
   157	0.00628
     8	0.00628
    86	0.00628
    48	0.00628
    14	0.00628
   543	0.00628
   320	0.00628
   322	0.00628
   637	0.00628
    10	0.00628
    51	0.00628
   988	0.00628
   132	0.00628
   280	0.00628
    89	0.00628
  2842	0.00628
    15	0.00628
    76	0.00628
  1330	0.00628
    46	0.00628
  1485	0.00628
    47	0.00628
  4261	0.00628
  2779	0.00628
  7949	0.00628
   583	0.00628
  5377	0.00628
  1735	0.00628
   518	0.00628
 19914	0.00628
   492	0.00628
  3133	0.00628
  2567	0.00628
   887	0.00628
  3298	0.00628
    55	0.00628
  1813	0.00628
  3556	0.00628
    43	0.00628
     2	0.00628
     4	0.00628
   136	0.00628
    24	0.00628
     2	0.00628
     2	0.00628
    57	0.00628
    93	0.00628
   538	0.00628
   121	0.00628
    29	0.00628
    24	0.00628
  1097	0.00628
   425	0.00628
 33492	0.00628
   307	0.00628
   603	0.00628
    56	0.00628
     3	0.00628
    93	0.00628
   271	0.00628
  1059	0.00628
    29	0.00628
    57	0.00628
     9	0.00628
    10	0.00628
    18	0.00628
    26	0.00628
   109	0.00628
    12	0.00628
    31	0.00628
    93	0.00628
  1218	0.00628
   266	0.00628
   768	0.00628
   568	0.00628
     4	0.00628
    28	0.00628
    57	0.00628
   347	0.00628
     9	0.00628
   196	0.00628
   349	0.00628
     9	0.00628
     3	0.00628
   528	0.00628
   386	0.00628
   121	0.00628
    48	0.00628
   404	0.00628
   326	0.00628
    32	0.00628
    97	0.00628
    16	0.00628
    12	0.00628
  1014	0.00628
    15	0.00628
    15	0.00628
    37	0.00628
    47	0.00628
   203	0.00628
   726	0.00628
   376	0.00628
   175	0.00628
    16	0.00628
    77	0.00628
  1990	0.00628
   899	0.00628
  1541	0.00628
  1336	0.00628
     2	0.00628
  3223	0.00628
     6	0.00628
   570	0.00628
    10	0.00628
    62	0.00628
  2328	0.00628
   723	0.00628
   479	0.00628
     3	0.00628
   339	0.00628
   885	0.00628
   172	0.00628
   161	0.00628
    25	0.00628
   981	0.00628
    21	0.00628
  1495	0.00628
    56	0.00628
   159	0.00628
   657	0.00628
   132	0.00628
    10	0.00628
     6	0.00628
    57	0.00628
    11	0.00628
    45	0.00628
   269	0.00628
   899	0.00628
    66	0.00628
  1498	0.00628
    67	0.00628
  3976	0.00628
   970	0.00628
  1956	0.00628
   527	0.00628
   255	0.00628
  1799	0.00628
  9573	0.00628
  5746	0.00628
  1266	0.00628
  1382	0.00628
  8685	0.00628
  3020	0.00628
  2356	0.00628
  4634	0.00628
   108	0.00628
  1962	0.00628
    46	0.00628
   522	0.00628
  1688	0.00628
  4872	0.00628
   469	0.00628
   342	0.00628
   151	0.00628
   263	0.00628
    13	0.00628
    73	0.00628
  3641	0.00628
  4819	0.00628
   705	0.00628
     4	0.00628
     4	0.00628
  4384	0.00628
    40	0.00628
     4	0.00628
    18	0.00935
     5	0.00935
    57	0.00935
    42	0.00935
    70	0.00935
     3	0.00935
     8	0.00935
   160	0.00935
     6	0.00935
   129	0.00935
    27	0.00935
    94	0.00935
    94	0.00935
     6	0.00935
   966	0.00935
   303	0.00935
     2	0.00935
   118	0.00935
    15	0.00935
  1363	0.00935
  2420	0.00935
    30	0.00935
   589	0.00935
     2	0.00935
    73	0.00935
  1857	0.00935
    21	0.00935
   119	0.00935
    21	0.00935
    17	0.00935
     2	0.00935
     4	0.00935
  1301	0.00935
    11	0.00935
    36	0.00935
     5	0.00935
   344	0.00935
   615	0.00935
  1074	0.00935
   292	0.00935
    48	0.00935
     8	0.00935
   607	0.00935
    38	0.00935
   266	0.00935
    82	0.00935
   218	0.00935
   259	0.00935
   239	0.00935
   725	0.00935
  1041	0.00935
    16	0.00935
   110	0.00935
   133	0.00935
   500	0.00935
  1326	0.00935
    50	0.00935
   140	0.00935
    76	0.00935
   206	0.00935
  1367	0.00935
   336	0.00935
    45	0.00935
  1508	0.00935
     4	0.00935
    12	0.00935
    29	0.00935
    24	0.00935
   120	0.00935
   206	0.00935
   738	0.00935
   599	0.00935
    92	0.00935
   837	0.00935
   177	0.00935
    36	0.00935
   177	0.00935
     3	0.00935
    17	0.00935
    66	0.00935
  1173	0.00935
    64	0.00935
   714	0.00935
     2	0.00935
     7	0.00935
    23	0.00935
    16	0.00935
   557	0.00935
     2	0.00935
    19	0.00935
   324	0.00935
   230	0.00935
   133	0.00935
    10	0.00935
    55	0.00935
   749	0.00935
    14	0.00935
    52	0.00935
   564	0.00935
  2222	0.00935
     6	0.00935
  2074	0.00935
   152	0.00935
     3	0.00935
    44	0.00935
   571	0.00935
     2	0.00935
     8	0.00935
   576	0.00935
   410	0.00935
  1041	0.00935
   301	0.00935
    25	0.00935
    16	0.00935
   129	0.00935
     8	0.00935
   545	0.00935
    54	0.00935
     7	0.00935
   211	0.00935
   102	0.00935
     5	0.00935
  2227	0.00935
   899	0.00935
   174	0.00935
    82	0.00935
     2	0.00935
     7	0.00935
     8	0.00935
   122	0.00935
     8	0.00935
    73	0.00935
   397	0.00935
    19	0.00935
     2	0.00935
    12	0.00935
    28	0.00935
     2	0.00935
     5	0.00935
    16	0.00935
     3	0.00935
   422	0.00935
     9	0.00935
     2	0.00935
    10	0.00935
    22	0.00935
    26	0.00935
     2	0.00935
     2	0.00935
   703	0.00935
    13	0.00935
    33	0.00935
    74	0.00935
   120	0.00935
    62	0.00935
     5	0.00935
    10	0.00935
     8	0.00935
     4	0.00935
   141	0.00935
    21	0.00935
   212	0.00935
  2176	0.00935
     6	0.00935
    20	0.00935
   135	0.00935
    10	0.00935
    44	0.00935
   911	0.00935
    20	0.00935
   227	0.00935
     4	0.00935
    14	0.00935
    45	0.00935
    12	0.00935
    60	0.00935
     2	0.00935
   603	0.00935
   252	0.00935
   100	0.00935
  2730	0.00935
     2	0.00935
   769	0.00935
  1439	0.00935
    17	0.00935
    64	0.00935
     2	0.00935
   178	0.00935
   225	0.00935
     9	0.00935
   438	0.00935
   234	0.00935
    17	0.00935
  2400	0.00935
   520	0.00935
    22	0.00935
    61	0.00935
    83	0.00935
    68	0.00935
   121	0.00935
   466	0.00935
     4	0.00935
     5	0.00935
   120	0.00935
   106	0.00935
    10	0.00935
    50	0.00935
   327	0.00935
    32	0.00935
    74	0.00935
    36	0.00935
    37	0.00935
   125	0.00935
   134	0.00935
  1173	0.00935
    35	0.00935
  1137	0.00935
    19	0.00935
     2	0.00935
  1082	0.00935
  1770	0.00935
  3231	0.00935
   457	0.00935
   660	0.00935
    64	0.00935
     5	0.00935
    10	0.00935
    20	0.00935
   177	0.00935
    68	0.00935
    17	0.00935
    44	0.00935
     2	0.01718
    42	0.01718
   181	0.01718
    16	0.01718
    17	0.01718
    14	0.01718
    81	0.01718
    26	0.01718
     2	0.01718
    13	0.01718
    15	0.01718
    32	0.01718
   249	0.01718
    13	0.01718
     2	0.01718
    16	0.01718
    13	0.01718
   168	0.01718
    37	0.01718
     8	0.01718
   237	0.01718
    13	0.01718
  1128	0.01718
   517	0.01718
    34	0.01718
    17	0.01718
     8	0.01718
    32	0.01718
   121	0.01718
    22	0.01718
     8	0.01718
    84	0.01718
     4	0.01718
    73	0.01718
    26	0.01718
    57	0.01718
     2	0.01718
    76	0.01718
    12	0.01718
    52	0.01718
   285	0.01718
    14	0.01718
     2	0.01718
    12	0.01718
    25	0.01718
    10	0.01718
     2	0.01718
    25	0.01718
    49	0.01718
    13	0.01718
   121	0.01718
   948	0.01718
   535	0.01718
     8	0.01718
   175	0.01718
    26	0.01718
     4	0.01718
    37	0.01718
   111	0.01718
     8	0.01718
   282	0.01718
   312	0.01718
   193	0.01718
   263	0.01718
   129	0.01718
     5	0.01718
     2	0.01718
     5	0.01718
    93	0.01718
   201	0.01718
   297	0.01718
    13	0.01718
  2465	0.01718
   256	0.01718
    16	0.01718
   102	0.01718
    76	0.01718
     5	0.01718
    14	0.01718
    75	0.01718
  1561	0.01718
   118	0.01718
     7	0.01718
    25	0.01718
   194	0.01718
    99	0.01718
    97	0.01718
    82	0.01718
     5	0.01718
    25	0.01718
   142	0.01718
    87	0.01718
    14	0.01718
   261	0.01718
    84	0.01718
     3	0.01718
    24	0.01718
    27	0.01718
    35	0.01718
     3	0.01718
    94	0.01718
   208	0.01718
    17	0.01718
     8	0.01718
    87	0.01718
     8	0.01718
   832	0.01718
   286	0.01718
    15	0.01718
   146	0.01718
   258	0.01718
   214	0.01718
   448	0.01718
    12	0.01718
    91	0.01718
   263	0.01718
     3	0.01718
    26	0.01718
   208	0.01718
    84	0.01718
     3	0.01718
   121	0.01718
    87	0.01718
    49	0.01718
    12	0.01718
    77	0.01718
     3	0.01718
    24	0.01718
     5	0.01718
    24	0.01718
    26	0.01718
   293	0.01718
     6	0.01718
  2546	0.01718
    54	0.01718
   298	0.01718
     7	0.01718
   102	0.01718
    73	0.01718
    42	0.01718
    55	0.01718
   142	0.01718
    69	0.01718
    10	0.01718
    14	0.01718
     8	0.01718
     2	0.01026
   657	0.01026
     9	0.01026
  2148	0.01026
    25	0.01026
   149	0.01026
  1013	0.01026
     4	0.01026
   316	0.01026
    47	0.01026
    13	0.01026
   473	0.01026
    25	0.01026
   408	0.01026
    44	0.01026
   265	0.01026
   975	0.01026
    67	0.01026
    70	0.01026
    17	0.01026
     5	0.01026
    21	0.01026
   813	0.01026
    28	0.01026
    37	0.01026
    37	0.01026
     4	0.01026
     4	0.01026
    11	0.01026
   178	0.01026
    47	0.01026
  3201	0.01026
    79	0.01026
   166	0.01026
    96	0.01026
    10	0.01026
    31	0.01026
   147	0.01026
    77	0.01026
    19	0.01026
     2	0.01026
     4	0.01026
    28	0.01026
    24	0.01026
    27	0.01026
   118	0.01026
   224	0.01026
     2	0.01026
   198	0.01026
    29	0.01026
    41	0.01026
     8	0.01026
   445	0.01026
   571	0.01026
   256	0.01026
  1653	0.01026
  1404	0.01026
    21	0.01026
     8	0.01026
    78	0.01026
     2	0.01026
     9	0.01026
   341	0.01026
    91	0.01026
    41	0.01026
   249	0.01026
     2	0.01026
    12	0.01026
   230	0.01026
    11	0.01026
   805	0.01026
    82	0.01026
   989	0.01026
   674	0.01026
     4	0.01026
    54	0.01026
   730	0.01026
  3959	0.01026
   268	0.01026
     5	0.01026
    38	0.01026
    43	0.01026
     4	0.01026
     4	0.01026
   418	0.01026
   730	0.01026
     4	0.01026
   265	0.01026
    16	0.01026
    94	0.01026
     4	0.01026
    61	0.01026
   451	0.01026
   530	0.01026
   120	0.01026
    79	0.01026
   127	0.01026
  1105	0.01026
   916	0.01026
   711	0.01026
    40	0.01026
     5	0.01026
     4	0.01026
   634	0.01026
  2207	0.01026
     6	0.01026
   167	0.01026
    51	0.01026
    79	0.01026
  1097	0.01026
   877	0.01026
   154	0.01026
  2039	0.01026
     8	0.01026
   456	0.01026
     2	0.01026
   656	0.01026
     2	0.01026
    11	0.01026
   198	0.01026
     3	0.01026
  2101	0.01026
    22	0.01026
   877	0.01026
   239	0.01026
   299	0.01026
    24	0.01026
    34	0.01026
   203	0.01026
    20	0.01026
   787	0.01026
   199	0.01026
     5	0.01026
    25	0.01026
   583	0.01026
     2	0.01026
   169	0.01026
  1353	0.01026
   623	0.01026
   561	0.01026
   494	0.01026
    35	0.01026
    87	0.01026
     4	0.01026
   766	0.01026
     2	0.01026
    15	0.01026
   418	0.01026
   136	0.01026
  1798	0.01026
     6	0.01026
   337	0.01026
    47	0.01026
   152	0.01026
   193	0.01026
   225	0.01026
    13	0.01026
    25	0.01026
    26	0.01026
   528	0.01026
   408	0.01026
   146	0.01026
   532	0.01026
    67	0.01026
    70	0.01026
    24	0.01026
     4	0.01026
    25	0.01026
     2	0.01026
   379	0.01026
  1950	0.01026
   140	0.01026
  1368	0.01026
  3952	0.01026
   360	0.01026
    28	0.01026
    10	0.01026
     2	0.01026
   611	0.01026
     3	0.01026
   235	0.01026
  4687	0.01026
    42	0.01026
   4313636
   24
