  71
   165	0.00982
     9	0.00982
     6	0.00982
    49	0.00982
    74	0.00982
    40	0.00982
     2	0.00982
    84	0.00982
   105	0.00982
     2	0.00982
   996	0.00982
    91	0.00982
   133	0.00982
  1254	0.00982
   182	0.00982
    82	0.00982
   194	0.00982
   313	0.00982
    12	0.00982
    22	0.00982
   471	0.00982
     8	0.00982
   564	0.00982
     3	0.00982
   848	0.00982
    65	0.00982
  1325	0.00982
   548	0.00982
    41	0.00982
    16	0.00982
    27	0.00982
    15	0.00982
   181	0.00982
   705	0.00982
    38	0.00982
   123	0.00982
  1101	0.00982
   177	0.00982
     5	0.00982
     5	0.00982
     2	0.00982
   351	0.00982
   187	0.00982
   434	0.00982
     8	0.00982
    21	0.00982
   140	0.00982
    13	0.00982
   325	0.00982
    79	0.00982
     7	0.00982
    23	0.00982
     5	0.00982
    23	0.00982
   155	0.00982
    42	0.00982
     8	0.00982
    19	0.00982
   432	0.00982
   211	0.00982
    18	0.00982
   806	0.00982
   105	0.00982
   207	0.00982
   373	0.00982
   548	0.00982
    46	0.00982
    15	0.00982
   137	0.00982
   301	0.00982
     4	0.00982
    394367
   18
