2316
   337	0.00830
   493	0.00830
     8	0.00830
    23	0.00830
   568	0.00830
   476	0.00830
   406	0.00830
   221	0.00830
   138	0.00830
  1802	0.00830
   117	0.00830
    73	0.00830
    18	0.00830
     9	0.00830
   275	0.00830
    10	0.00830
    32	0.00830
   197	0.00830
    40	0.00830
   307	0.00830
    21	0.00830
    57	0.00830
   220	0.00830
    43	0.00830
  1870	0.00830
    37	0.00830
   992	0.00830
   221	0.00830
   644	0.00830
   766	0.00830
   111	0.00830
   136	0.00830
   106	0.00830
   105	0.00830
   460	0.00830
    68	0.00830
   105	0.00830
     6	0.00830
    96	0.00830
    10	0.00830
   105	0.00830
    46	0.00830
   151	0.00830
   918	0.00830
     4	0.00830
   512	0.00830
   109	0.00830
    23	0.00830
  1305	0.00830
    83	0.00830
   232	0.00830
    28	0.00830
  3716	0.00830
   103	0.00830
    15	0.00830
   194	0.00830
    62	0.00830
   389	0.00830
    10	0.00830
   130	0.00830
   350	0.00830
    40	0.00830
   948	0.00830
    36	0.00830
  1132	0.00830
   629	0.00830
  2652	0.00830
  2372	0.00830
   185	0.00830
   166	0.00830
   322	0.00830
   396	0.00830
    27	0.00830
  1231	0.00830
    24	0.00830
    25	0.00830
   140	0.00830
   418	0.00830
    39	0.00830
     4	0.00830
   365	0.00830
    20	0.00830
    11	0.00830
     7	0.00830
   493	0.00830
    49	0.00830
    88	0.00830
    98	0.00830
   114	0.00830
    59	0.00830
   119	0.00830
    13	0.00830
    27	0.00830
   608	0.00830
   105	0.00830
   168	0.00830
    32	0.00830
   101	0.00830
    68	0.00830
    63	0.00830
   105	0.00830
    22	0.00830
   183	0.00830
     4	0.00830
    69	0.00830
    35	0.00830
   152	0.00830
   114	0.00830
   871	0.00830
   235	0.00830
    85	0.00830
    64	0.00830
   111	0.00830
  1248	0.00830
     8	0.00830
   245	0.00830
   941	0.00830
    16	0.00830
   249	0.00830
     4	0.00830
    33	0.00830
   661	0.00830
   176	0.00830
   185	0.00830
    37	0.00830
    87	0.00830
     2	0.00830
    78	0.00830
     3	0.00830
     3	0.00830
     4	0.00830
    67	0.00830
   747	0.00830
    22	0.00830
     4	0.00830
   186	0.00830
  1623	0.00830
   483	0.00830
    28	0.00830
    32	0.00830
    10	0.00830
   378	0.00830
   109	0.00830
    37	0.00830
   371	0.00830
     2	0.00830
    81	0.00830
    11	0.00830
  1040	0.00830
   211	0.00830
   201	0.00830
   110	0.00830
     2	0.00830
    13	0.00830
   139	0.00830
     2	0.00830
    87	0.00830
     2	0.00830
  1222	0.00830
   108	0.00830
     8	0.00830
   137	0.00830
   153	0.00830
   658	0.00830
    38	0.00830
   275	0.00830
    63	0.00830
     8	0.00830
   133	0.00830
    12	0.00830
     3	0.00830
    81	0.00830
    17	0.00830
   111	0.00830
    20	0.00830
    20	0.00830
  1096	0.00830
   135	0.00830
     3	0.00830
   849	0.00830
    39	0.00830
   781	0.00830
   184	0.00830
   250	0.00830
     7	0.00830
  1426	0.00830
    15	0.00830
   291	0.00830
    35	0.00830
    20	0.00830
    12	0.00830
  1167	0.00830
   161	0.00830
    73	0.00830
   123	0.00830
    90	0.00830
    10	0.00830
   603	0.00830
   103	0.00830
   190	0.00830
  1024	0.00830
    49	0.00830
     4	0.00830
     8	0.00830
     6	0.00830
     5	0.00830
    27	0.00830
     5	0.00830
   102	0.00830
     9	0.00830
   123	0.00830
     9	0.00830
   144	0.00830
     8	0.00830
    35	0.00830
   116	0.00830
     3	0.00830
   291	0.00830
   111	0.00830
   225	0.00830
     2	0.00830
   181	0.00830
     6	0.00830
     9	0.00830
   720	0.00830
    11	0.00830
   105	0.00830
   190	0.00830
    59	0.00830
    58	0.00830
    28	0.00830
     2	0.00830
   329	0.00830
    11	0.00830
    73	0.00830
   201	0.00830
    32	0.00830
    40	0.00830
    50	0.00830
     5	0.00830
   238	0.00830
   208	0.00830
   414	0.00830
   314	0.00830
    83	0.00830
   178	0.00830
    13	0.00830
   109	0.00830
   580	0.00830
     5	0.00830
     6	0.00830
    18	0.00830
   296	0.00830
    11	0.00830
   224	0.00830
    39	0.00830
    66	0.00830
   109	0.00830
   110	0.00830
    70	0.00830
   486	0.00830
    79	0.00830
   333	0.00830
   676	0.00830
   212	0.00830
    14	0.00830
    36	0.00830
   501	0.00830
    78	0.00830
     2	0.00830
    85	0.00830
   170	0.00830
     3	0.00830
    23	0.00830
   312	0.00830
   294	0.00830
   117	0.00830
    54	0.00830
    12	0.00830
   162	0.00830
   181	0.00830
    31	0.00830
     3	0.00830
    75	0.00830
   633	0.00830
     7	0.00830
    31	0.00830
     4	0.00830
   331	0.00830
     8	0.00830
  2444	0.00830
    16	0.00830
   655	0.00830
   280	0.00830
   908	0.00749
   173	0.00749
   568	0.00749
   193	0.00749
     5	0.00749
     7	0.00749
  1759	0.00749
     6	0.00749
    28	0.00749
    32	0.00749
  3754	0.00749
    26	0.00749
   427	0.00749
   700	0.00749
  1565	0.00749
    28	0.00749
    85	0.00749
   413	0.00749
     3	0.00749
     2	0.00749
    97	0.00749
    13	0.00749
    25	0.00749
   102	0.00749
   310	0.00749
   104	0.00749
   491	0.00749
  3288	0.00749
   158	0.00749
   784	0.00749
   128	0.00749
    49	0.00749
   140	0.00749
   116	0.00749
    29	0.00749
     5	0.00749
     2	0.00749
   144	0.00749
     3	0.00749
  2196	0.00749
    36	0.00749
   116	0.00749
    10	0.00749
     7	0.00749
   229	0.00749
    53	0.00749
   792	0.00749
     2	0.00749
    50	0.00749
   859	0.00749
   175	0.00749
   937	0.00749
   597	0.00749
   158	0.00749
    57	0.00749
  1417	0.00749
   128	0.00749
    79	0.00749
   238	0.00749
    26	0.00749
    97	0.00749
    31	0.00749
    15	0.00749
    32	0.00749
    56	0.00749
     3	0.00749
  1054	0.00749
    72	0.00749
    21	0.00749
    97	0.00749
   307	0.00749
    70	0.00749
    27	0.00749
  1912	0.00749
   924	0.00749
   375	0.00749
  2209	0.00749
   257	0.00749
    15	0.00749
  1137	0.00749
    30	0.00749
   278	0.00749
   852	0.00749
   255	0.00749
    14	0.00749
  2810	0.00749
   165	0.00749
   522	0.00749
   240	0.00749
  1073	0.00749
   138	0.00749
     9	0.00749
    48	0.00749
    11	0.00749
    25	0.00749
   256	0.00749
  1187	0.00749
    52	0.00749
  1626	0.00749
     5	0.00749
    84	0.00749
   778	0.00749
   309	0.00749
     3	0.00749
   171	0.00749
  1519	0.00749
     3	0.00749
   465	0.00749
  3171	0.00749
    15	0.00749
    51	0.00749
   226	0.00749
   190	0.00749
   235	0.00749
    40	0.00749
   168	0.00749
   857	0.00749
    43	0.00749
   149	0.00749
    69	0.00749
   367	0.00749
  1086	0.00749
    16	0.00749
   162	0.00749
    24	0.00749
     2	0.00749
    12	0.00749
   424	0.00749
    53	0.00749
     2	0.00749
    24	0.00749
    17	0.00749
     8	0.00749
   348	0.00749
    16	0.00749
    33	0.00749
   518	0.00749
    43	0.00749
   382	0.00749
   626	0.00749
     2	0.00749
   346	0.00749
   135	0.00749
   672	0.00749
    28	0.00749
   318	0.00749
    80	0.00749
     3	0.00749
   165	0.00749
     7	0.00749
    49	0.00749
    45	0.00749
    56	0.00749
     5	0.00749
   558	0.00749
   597	0.00749
   126	0.00749
    34	0.00749
     2	0.00749
   471	0.00749
  2880	0.00749
    11	0.00749
  4285	0.00749
   241	0.00749
   633	0.00749
   170	0.00749
    48	0.00749
   199	0.00749
    16	0.00749
    38	0.00749
    55	0.00749
     9	0.00749
    32	0.00749
  2013	0.00749
   558	0.00749
     2	0.00749
    31	0.00749
    28	0.00749
    33	0.00749
    46	0.00749
    30	0.00749
  2536	0.00749
    10	0.00900
     4	0.00900
   145	0.00900
   411	0.00900
   215	0.00900
   285	0.00900
     4	0.00900
     4	0.00900
     9	0.00900
    35	0.00900
     2	0.00900
     2	0.00900
    15	0.00900
   519	0.00900
    89	0.00900
     4	0.00900
    16	0.00900
     3	0.00900
     8	0.00900
    29	0.00900
    64	0.00900
    31	0.00900
    63	0.00900
    57	0.00900
    26	0.00900
   220	0.00900
    38	0.00900
    53	0.00900
    31	0.00900
   128	0.00900
   166	0.00900
   294	0.00900
   103	0.00900
    31	0.00900
     3	0.00900
   582	0.00900
     8	0.00900
   405	0.00900
   139	0.00900
    43	0.00900
    19	0.00900
    27	0.00900
   139	0.00900
   163	0.00900
    43	0.00900
   143	0.00900
   510	0.00900
    10	0.00900
     3	0.00900
     5	0.00900
     2	0.00900
   220	0.00900
    69	0.00900
    82	0.00900
    10	0.00900
   398	0.00900
   940	0.00900
   162	0.00900
     4	0.00900
   273	0.00900
     6	0.00900
   729	0.00900
    60	0.00900
     4	0.00900
     5	0.00900
     3	0.00900
    24	0.00900
     2	0.00900
    79	0.00900
    17	0.00900
   126	0.00900
    67	0.00900
    18	0.00900
     4	0.00900
    16	0.00900
    27	0.00900
   191	0.00900
    58	0.00900
     4	0.00900
    83	0.00900
    89	0.00900
   192	0.00900
    66	0.00900
     2	0.00900
    60	0.00900
   179	0.00900
     3	0.00900
    15	0.00900
    49	0.00900
     3	0.00900
  1234	0.00900
  1711	0.00900
   185	0.00900
    17	0.00900
     7	0.00900
     7	0.00900
   214	0.00900
    50	0.00900
    34	0.00900
    88	0.00900
     2	0.00900
    19	0.00900
   857	0.00900
    99	0.00900
   284	0.00900
   447	0.00900
    15	0.00900
     3	0.00900
   401	0.00900
    10	0.00900
    18	0.00900
    25	0.00900
     6	0.00900
     8	0.00900
   171	0.00900
     3	0.00900
     9	0.00900
   182	0.00900
   101	0.00900
   147	0.00900
   142	0.00900
    10	0.00900
    10	0.00900
    38	0.00900
     2	0.00900
    19	0.00900
    13	0.00900
   439	0.00900
   353	0.00900
    33	0.00900
   503	0.00900
   192	0.00900
     4	0.00900
    15	0.00900
     2	0.00900
    27	0.00900
    38	0.00900
     4	0.00900
    30	0.00900
    85	0.00900
    32	0.00900
    36	0.00900
    34	0.00900
    77	0.00900
    16	0.00900
   131	0.00900
    61	0.00900
     5	0.00900
    32	0.00900
    19	0.00900
    10	0.00900
     5	0.00900
     7	0.00900
   106	0.00900
     4	0.00900
    15	0.00900
   219	0.00900
   819	0.00900
    43	0.00900
     4	0.00900
   143	0.00900
   309	0.00900
     7	0.00900
    31	0.00900
   118	0.00900
    50	0.00900
    32	0.00900
   261	0.00900
   152	0.00900
   808	0.00900
    11	0.00900
    25	0.00900
    93	0.00900
    96	0.00900
   204	0.00900
   123	0.00900
    33	0.00900
    75	0.00900
   106	0.00900
   188	0.00900
   375	0.00900
    28	0.00900
   268	0.00900
    38	0.00900
   182	0.00900
    89	0.00900
   170	0.00900
   148	0.00900
    47	0.00900
    18	0.00900
    13	0.00900
   467	0.00900
    24	0.00900
    23	0.00900
   119	0.00900
     5	0.00900
     6	0.00900
    17	0.00900
     9	0.00900
   578	0.00900
    64	0.00900
    70	0.00900
    69	0.00900
   361	0.00900
     3	0.00900
   554	0.00900
    24	0.00900
    79	0.00900
    16	0.00900
    72	0.00900
    19	0.00900
    60	0.00900
   145	0.00900
     2	0.00900
     2	0.00900
     2	0.00900
   139	0.00900
    40	0.00900
   280	0.00900
   424	0.00900
     4	0.00900
    44	0.00893
     6	0.00893
   302	0.00893
   215	0.00893
   140	0.00893
    19	0.00893
   510	0.00893
     2	0.00893
    18	0.00893
   737	0.00893
     3	0.00893
   795	0.00893
   346	0.00893
    63	0.00893
    11	0.00893
    31	0.00893
    10	0.00893
    41	0.00893
   822	0.00893
  2078	0.00893
    15	0.00893
     5	0.00893
   459	0.00893
     3	0.00893
     5	0.00893
   209	0.00893
  1420	0.00893
     9	0.00893
   136	0.00893
    13	0.00893
    15	0.00893
  2159	0.00893
    14	0.00893
   843	0.00893
    53	0.00893
   439	0.00893
    37	0.00893
   604	0.00893
    14	0.00893
   919	0.00893
   115	0.00893
   400	0.00893
    17	0.00893
  1214	0.00893
   116	0.00893
     4	0.00893
    67	0.00893
    98	0.00893
    30	0.00893
    20	0.00893
    52	0.00893
   823	0.00893
    65	0.00893
    30	0.00893
   496	0.00893
   765	0.00893
     9	0.00893
    10	0.00893
     6	0.00893
    24	0.00893
   989	0.00893
    14	0.00893
    55	0.00893
    79	0.00893
   927	0.00893
    49	0.00893
    89	0.00893
   244	0.00893
   142	0.00893
     9	0.00893
   383	0.00893
    13	0.00893
    58	0.00893
    35	0.00893
   994	0.00893
    26	0.00893
   133	0.00893
    66	0.00893
    16	0.00893
   214	0.00893
    20	0.00893
   788	0.00893
     2	0.00893
    25	0.00893
    16	0.00893
     7	0.00893
     9	0.00893
    10	0.00893
   535	0.00893
    77	0.00893
    24	0.00893
    36	0.00893
    34	0.00893
   961	0.00893
    69	0.00893
   104	0.00893
     4	0.00893
  1353	0.00893
     2	0.00893
    90	0.00893
   336	0.00893
   420	0.00893
   459	0.00893
    18	0.00893
    88	0.00893
    30	0.00893
    89	0.00893
     7	0.00893
    24	0.00893
     2	0.00893
   793	0.00893
   110	0.00893
    85	0.00893
   243	0.00893
    25	0.00893
   583	0.00893
   351	0.00893
    87	0.00893
    88	0.00893
   209	0.00893
   142	0.00893
    63	0.00893
     3	0.00893
    18	0.00893
     3	0.00893
     2	0.00893
    25	0.00893
   200	0.00893
     4	0.00893
    23	0.00893
    12	0.00893
    31	0.00893
  1983	0.00893
   247	0.00893
    22	0.00893
    48	0.00893
    38	0.00893
   510	0.00893
   133	0.00893
   210	0.00893
    82	0.00893
    14	0.00893
    29	0.00893
    11	0.00893
   902	0.00893
   107	0.00893
    44	0.00893
   373	0.00893
     6	0.00893
     7	0.00893
   301	0.00893
    49	0.00893
    25	0.00893
  1006	0.00893
  2165	0.00893
   108	0.00893
  2251	0.00893
    31	0.00893
    24	0.00893
   222	0.00893
    58	0.00893
   168	0.00893
     6	0.00893
    67	0.00893
  2771	0.00893
    19	0.00893
    11	0.00893
   219	0.00893
    13	0.00893
     2	0.00893
   553	0.00893
    66	0.00893
   293	0.00893
  1850	0.00893
  2770	0.00893
   278	0.00893
   613	0.00893
     9	0.00893
    48	0.00893
    70	0.00893
     2	0.00893
     5	0.00893
   591	0.00893
    27	0.00893
    21	0.00893
     3	0.00893
  2672	0.00893
   140	0.00893
    83	0.00893
  1198	0.00893
  1037	0.00893
     4	0.00893
    21	0.00893
    25	0.00893
    63	0.00893
    62	0.00893
     6	0.00893
    82	0.00893
     2	0.00893
    53	0.00893
    31	0.00893
     5	0.00893
    68	0.00893
     3	0.00893
     3	0.00893
    18	0.00893
   247	0.00893
   161	0.00893
     2	0.00893
   191	0.00893
     5	0.00893
   336	0.00893
     9	0.00893
    20	0.00893
   448	0.00893
   101	0.00893
    30	0.00893
    37	0.00893
     8	0.00893
    48	0.00893
   496	0.00893
   124	0.00893
    44	0.00893
    30	0.00893
    87	0.00893
     2	0.00893
   351	0.00893
    12	0.00893
   108	0.00893
    69	0.00893
    27	0.00893
    53	0.00893
   270	0.00893
    10	0.00893
    62	0.00893
     6	0.00893
  1394	0.00893
     2	0.00893
   493	0.00893
   284	0.00787
  1048	0.00787
   100	0.00787
     6	0.00787
    74	0.00787
    25	0.00787
   190	0.00787
     3	0.00787
   363	0.00787
   106	0.00787
   239	0.00787
   368	0.00787
  2636	0.00787
     9	0.00787
   214	0.00787
    89	0.00787
     6	0.00787
    77	0.00787
    25	0.00787
    34	0.00787
    46	0.00787
   347	0.00787
   451	0.00787
   158	0.00787
     3	0.00787
    49	0.00787
    12	0.00787
     2	0.00787
     4	0.00787
    15	0.00787
    10	0.00787
    78	0.00787
     3	0.00787
     8	0.00787
  1137	0.00787
     2	0.00787
   982	0.00787
     9	0.00787
     2	0.00787
   111	0.00787
    20	0.00787
     2	0.00787
    14	0.00787
    16	0.00787
     4	0.00787
     5	0.00787
    79	0.00787
   831	0.00787
   106	0.00787
    64	0.00787
    11	0.00787
     2	0.00787
  1197	0.00787
   142	0.00787
    11	0.00787
    28	0.00787
   295	0.00787
    44	0.00787
     3	0.00787
     4	0.00787
    93	0.00787
   359	0.00787
     4	0.00787
   107	0.00787
     3	0.00787
     8	0.00787
   138	0.00787
  1465	0.00787
    28	0.00787
    80	0.00787
     5	0.00787
   750	0.00787
     2	0.00787
    10	0.00787
    37	0.00787
   128	0.00787
   124	0.00787
     5	0.00787
     4	0.00787
    22	0.00787
   435	0.00787
    98	0.00787
     5	0.00787
    51	0.00787
   524	0.00787
   513	0.00787
    11	0.00787
   192	0.00787
   450	0.00787
    46	0.00787
   206	0.00787
    27	0.00787
    12	0.00787
    69	0.00787
   833	0.00787
     8	0.00787
   256	0.00787
   280	0.00787
    39	0.00787
   345	0.00787
    10	0.00787
   124	0.00787
    65	0.00787
     2	0.00787
   154	0.00787
    98	0.00787
    80	0.00787
   104	0.00787
   183	0.00787
   318	0.00787
    28	0.00787
     5	0.00787
     4	0.00787
    68	0.00787
    88	0.00787
   162	0.00787
   822	0.00787
     3	0.00787
     5	0.00787
   104	0.00787
    29	0.00787
     7	0.00787
    69	0.00787
     5	0.00787
    35	0.00787
   120	0.00787
    12	0.00787
    10	0.00787
     5	0.00787
     2	0.00787
   333	0.00787
   352	0.00787
   834	0.00787
    25	0.00787
   151	0.00787
   381	0.00787
   187	0.00787
    34	0.00787
    10	0.00787
    34	0.00787
   496	0.00787
   437	0.00787
   466	0.00787
    11	0.00787
   142	0.00787
   154	0.00787
    23	0.00787
    25	0.00787
    10	0.00787
     5	0.00787
     3	0.00787
    17	0.00787
    57	0.00787
   288	0.00787
    76	0.00787
     2	0.00787
    38	0.00787
   292	0.00787
   132	0.00787
     6	0.00787
    17	0.00787
    28	0.00787
    36	0.00787
     6	0.00787
   521	0.00787
   245	0.00787
   318	0.00787
     3	0.00787
   104	0.00787
     5	0.00787
   353	0.00787
     6	0.00787
     4	0.00787
     7	0.00787
    62	0.00787
   271	0.00787
   123	0.00739
     8	0.00739
   402	0.00739
   293	0.00739
    12	0.00739
    12	0.00739
    11	0.00739
     2	0.00739
   754	0.00739
    42	0.00739
    19	0.00739
   473	0.00739
   231	0.00739
    34	0.00739
  5501	0.00739
    24	0.00739
    21	0.00739
    19	0.00739
   114	0.00739
    33	0.00739
   591	0.00739
    11	0.00739
   209	0.00739
     2	0.00739
   360	0.00739
    99	0.00739
     6	0.00739
     2	0.00739
   328	0.00739
    48	0.00739
   256	0.00739
    48	0.00739
     9	0.00739
     3	0.00739
   186	0.00739
    17	0.00739
    26	0.00739
   927	0.00739
   308	0.00739
    84	0.00739
    12	0.00739
    71	0.00739
    41	0.00739
    38	0.00739
   436	0.00739
    83	0.00739
     5	0.00739
    22	0.00739
     2	0.00739
     3	0.00739
   356	0.00739
    33	0.00739
     9	0.00739
    87	0.00739
   788	0.00739
    46	0.00739
    56	0.00739
   209	0.00739
   262	0.00739
    57	0.00739
     6	0.00739
   131	0.00739
    67	0.00739
    54	0.00739
    46	0.00739
    26	0.00739
   731	0.00739
    17	0.00739
     5	0.00739
   719	0.00739
   282	0.00739
    85	0.00739
     6	0.00739
   176	0.00739
    54	0.00739
   844	0.00739
    24	0.00739
   279	0.00739
   442	0.00739
    21	0.00739
    12	0.00739
    46	0.00739
   378	0.00739
    21	0.00739
    81	0.00739
  1135	0.00739
    12	0.00739
   724	0.00739
   245	0.00739
     7	0.00739
   520	0.00739
  2619	0.00739
  1752	0.00739
   402	0.00739
     3	0.00739
    71	0.00739
    71	0.00739
     9	0.00739
    33	0.00739
     4	0.00739
    14	0.00739
     2	0.00739
   356	0.00739
    51	0.00739
     3	0.00739
    29	0.00739
   891	0.00739
    16	0.00739
   377	0.00739
   149	0.00739
    22	0.00739
    61	0.00739
   401	0.00739
   301	0.00739
    16	0.00739
     7	0.00739
   696	0.00739
   590	0.00739
   365	0.00739
    11	0.00739
    74	0.00739
    75	0.00739
    12	0.00739
    29	0.00739
   273	0.00739
   555	0.00739
    14	0.00739
   129	0.00739
   164	0.00739
    17	0.00739
   219	0.00739
    21	0.00739
    52	0.00739
   202	0.00739
   465	0.00739
    51	0.00739
   160	0.00739
    20	0.00739
    69	0.00739
    33	0.00739
   222	0.00739
     8	0.00739
   260	0.00739
   218	0.00739
    40	0.00739
    13	0.00739
    26	0.00739
   165	0.00739
   142	0.00739
   291	0.00739
   403	0.00739
  1566	0.00739
   132	0.00739
    63	0.00739
    80	0.00739
    26	0.00739
   618	0.00739
    34	0.00739
    22	0.00739
   209	0.00739
    14	0.00739
    16	0.00739
     8	0.00739
  4995	0.00739
   756	0.00739
   363	0.00739
     8	0.00739
    67	0.00739
   194	0.00739
   328	0.00739
    75	0.00739
    80	0.00739
    81	0.00739
    64	0.00739
    14	0.00739
   377	0.00739
   138	0.00739
    13	0.00739
   722	0.00739
    86	0.00739
   497	0.00739
  1285	0.00739
   292	0.00739
     9	0.00739
     7	0.00739
  3919	0.00739
   953	0.00739
  1875	0.00870
   681	0.00870
    57	0.00870
    15	0.00870
    13	0.00870
    27	0.00870
     8	0.00870
   790	0.00870
   838	0.00870
     4	0.00870
   107	0.00870
   470	0.00870
    34	0.00870
   132	0.00870
   510	0.00870
   522	0.00870
   495	0.00870
     2	0.00870
     5	0.00870
    10	0.00870
   693	0.00870
   357	0.00870
    92	0.00870
    28	0.00870
     6	0.00870
   310	0.00870
    19	0.00870
   291	0.00870
   211	0.00870
   223	0.00870
    70	0.00870
    83	0.00870
   189	0.00870
    15	0.00870
    29	0.00870
    66	0.00870
     5	0.00870
    22	0.00870
   290	0.00870
  3176	0.00870
    24	0.00870
   174	0.00870
   795	0.00870
  2743	0.00870
   153	0.00870
   979	0.00870
    67	0.00870
   632	0.00870
   229	0.00870
   530	0.00870
   103	0.00870
  1870	0.00870
    30	0.00870
   817	0.00870
    29	0.00870
    86	0.00870
    51	0.00870
    32	0.00870
  4669	0.00870
   203	0.00870
   304	0.00870
    20	0.00870
   128	0.00870
   133	0.00870
   251	0.00870
   207	0.00870
    31	0.00870
    11	0.00870
     4	0.00870
   497	0.00870
   194	0.00870
    47	0.00870
   321	0.00870
   112	0.00870
    14	0.00870
    25	0.00870
   495	0.00870
   129	0.00870
    30	0.00870
  5011	0.00870
   186	0.00870
   586	0.00870
     8	0.00870
   223	0.00870
    40	0.00870
    12	0.00870
    33	0.00870
    86	0.00870
    40	0.00870
     2	0.00870
    58	0.00870
   641	0.00870
  3208	0.00870
   198	0.00870
    51	0.00870
     7	0.00870
   256	0.00870
    15	0.00870
   351	0.00870
   656	0.00870
    87	0.00870
  3162	0.00870
   321	0.00870
     5	0.00870
   283	0.00870
    19	0.00870
   715	0.00870
    59	0.00870
   436	0.00870
    69	0.00870
   291	0.00870
    19	0.00870
     4	0.00870
     2	0.00870
   127	0.00870
    29	0.00870
   877	0.00870
   166	0.00870
     7	0.00870
   167	0.00870
    14	0.00870
     3	0.00870
   351	0.00870
  2574	0.00870
   979	0.00870
    58	0.00870
     9	0.00870
  1385	0.00870
    37	0.00870
     2	0.00870
     4	0.00870
   497	0.00870
    29	0.00870
     3	0.00870
    35	0.00870
   995	0.00870
    20	0.00870
   303	0.00870
   283	0.00870
  3514	0.00870
   353	0.00870
    14	0.00870
  2352	0.00870
   656	0.00870
  3351	0.00870
   120	0.00870
     2	0.01085
    24	0.01085
    52	0.01085
    79	0.01085
    26	0.01085
   444	0.01085
     2	0.01085
    46	0.01085
    16	0.01085
    92	0.01085
     2	0.01085
   120	0.01085
    47	0.01085
    44	0.01085
    26	0.01085
     5	0.01085
     4	0.01085
     2	0.01085
    67	0.01085
    53	0.01085
   127	0.01085
    76	0.01085
     2	0.01085
   124	0.01085
     4	0.01085
    91	0.01085
    24	0.01085
    14	0.01085
    95	0.01085
    23	0.01085
   118	0.01085
    61	0.01085
   596	0.01085
   994	0.01085
   337	0.01085
    89	0.01085
  1350	0.01085
     4	0.01085
   454	0.01085
    56	0.01085
   419	0.01085
    42	0.01085
   271	0.01085
   196	0.01085
    40	0.01085
   245	0.01085
   486	0.01085
   101	0.01085
    23	0.01085
    14	0.01085
     5	0.01085
    67	0.01085
   247	0.01085
   230	0.01085
     4	0.01085
   170	0.01085
     3	0.01085
    13	0.01085
     3	0.01085
   145	0.01085
   232	0.01085
     8	0.01085
    46	0.01085
   236	0.01085
   532	0.01085
   367	0.01085
    10	0.01085
    37	0.01085
   407	0.01085
   339	0.01085
     3	0.01085
     4	0.01085
     2	0.01085
    75	0.01085
    17	0.01085
    58	0.01085
     3	0.01085
   203	0.01085
    60	0.01085
     4	0.01085
     3	0.01085
     2	0.01085
   101	0.01085
     3	0.01085
     2	0.01085
     8	0.01085
    26	0.01085
    29	0.01085
    17	0.01085
     3	0.01085
    16	0.01085
     2	0.01085
    13	0.01085
    52	0.01085
    19	0.01085
    90	0.01085
   182	0.01085
     2	0.01085
     4	0.01085
   548	0.01085
   275	0.01085
    42	0.01085
    10	0.01085
     4	0.01085
   421	0.01085
     3	0.01085
   400	0.01085
   217	0.01085
    78	0.01085
   270	0.01085
    19	0.01085
   302	0.01085
     9	0.01085
    20	0.01085
     4	0.01085
    35	0.01085
     6	0.01085
    44	0.01085
    57	0.01085
    53	0.01085
    73	0.01085
   148	0.01085
     7	0.01085
   299	0.01085
    60	0.01085
    58	0.01085
     8	0.01085
     6	0.01085
    33	0.01085
   234	0.01085
    14	0.01085
   312	0.01085
    44	0.01085
   752	0.01085
   259	0.01085
    34	0.01085
    99	0.01085
    46	0.01085
     3	0.01085
    13	0.01085
   370	0.01085
    17	0.01085
    48	0.01085
     5	0.01085
    25	0.01085
    69	0.01085
    10	0.01085
     3	0.01085
    19	0.01085
    34	0.01085
     5	0.01085
    24	0.01085
    48	0.01085
    23	0.01085
   407	0.01085
   454	0.01085
   115	0.01085
     8	0.01085
    24	0.01085
    95	0.01085
    23	0.01085
   118	0.01085
    34	0.01085
   105	0.01085
    57	0.01085
   624	0.01085
    18	0.01085
    79	0.01085
   132	0.01085
   151	0.01085
    23	0.01085
   464	0.01085
    53	0.01085
    16	0.01085
  1244	0.01085
   268	0.01085
     7	0.01085
    66	0.01085
    20	0.01320
    30	0.01320
   204	0.01320
   465	0.01320
    13	0.01320
    48	0.01320
     4	0.01320
     2	0.01320
    48	0.01320
    27	0.01320
     5	0.01320
   244	0.01320
    94	0.01320
   101	0.01320
     2	0.01320
   314	0.01320
   177	0.01320
    67	0.01320
    17	0.01320
    26	0.01320
    27	0.01320
   557	0.01320
   165	0.01320
    75	0.01320
    22	0.01320
    32	0.01320
    67	0.01320
    16	0.01320
   231	0.01320
   404	0.01320
   339	0.01320
     2	0.01320
   214	0.01320
   478	0.01320
   196	0.01320
   981	0.01320
   124	0.01320
    24	0.01320
  1007	0.01320
   345	0.01320
   131	0.01320
   264	0.01320
   169	0.01320
   274	0.01320
    17	0.01320
    36	0.01320
   100	0.01320
    44	0.01320
    79	0.01320
    10	0.01320
   115	0.01320
    63	0.01320
   419	0.01320
     3	0.01320
     2	0.01320
   154	0.01320
   272	0.01320
    20	0.01320
   184	0.01320
   154	0.01320
    26	0.01320
   270	0.01320
    63	0.01320
  1004	0.01320
   103	0.01320
   345	0.01320
   110	0.01320
    34	0.01320
    57	0.01320
   108	0.01320
    50	0.01320
     9	0.01320
   131	0.01320
   233	0.01320
    47	0.01320
    15	0.01320
   632	0.01320
   274	0.01320
   138	0.01320
   215	0.01320
     3	0.01320
   123	0.01320
    67	0.01320
   612	0.01320
   150	0.01320
    59	0.01320
    47	0.01320
    34	0.01320
    30	0.01320
    57	0.01320
    51	0.01320
    26	0.01320
   100	0.01320
   955	0.01320
   102	0.01320
    15	0.01320
    63	0.01320
    40	0.01320
     8	0.01320
   299	0.01320
    47	0.01320
    71	0.01320
    88	0.01320
    39	0.01320
    79	0.01320
   272	0.01320
   223	0.01320
     2	0.01320
    18	0.01320
     7	0.01320
   759	0.01320
   577	0.01320
    15	0.01320
   123	0.01320
   352	0.01320
     7	0.01320
    12	0.01320
     8	0.01320
     2	0.01320
   446	0.01320
    15	0.01320
    71	0.01320
     3	0.01320
    30	0.01320
   122	0.01143
   422	0.01143
    24	0.01143
  2841	0.01143
    43	0.01143
    14	0.01143
   118	0.01143
    40	0.01143
    24	0.01143
     6	0.01143
    33	0.01143
   897	0.01143
    81	0.01143
    30	0.01143
   462	0.01143
   102	0.01143
     4	0.01143
    79	0.01143
     2	0.01143
     2	0.01143
     7	0.01143
    51	0.01143
    22	0.01143
    56	0.01143
   103	0.01143
    57	0.01143
    28	0.01143
    27	0.01143
     4	0.01143
     3	0.01143
     2	0.01143
   405	0.01143
   758	0.01143
    15	0.01143
   233	0.01143
    15	0.01143
    23	0.01143
   112	0.01143
     9	0.01143
    12	0.01143
    31	0.01143
     5	0.01143
   215	0.01143
   175	0.01143
     8	0.01143
   687	0.01143
   246	0.01143
   118	0.01143
    79	0.01143
     6	0.01143
   102	0.01143
   118	0.01143
    26	0.01143
   112	0.01143
     2	0.01143
    36	0.01143
   187	0.01143
     8	0.01143
   687	0.01143
     8	0.01143
    21	0.01143
   157	0.01143
   769	0.01143
  1239	0.01143
    26	0.01143
    23	0.01143
    38	0.01143
    19	0.01143
    21	0.01143
    84	0.01143
    27	0.01143
   499	0.01143
     6	0.01143
    20	0.01143
    62	0.01143
   276	0.01143
    28	0.01143
    91	0.01143
    36	0.01143
    21	0.01143
   586	0.01143
   261	0.01143
    31	0.01143
   462	0.01143
    40	0.01143
   111	0.01143
    68	0.01143
   133	0.01143
   297	0.01143
     2	0.01143
   720	0.01143
    83	0.01143
   753	0.01143
    91	0.01143
   136	0.01143
    20	0.01143
     3	0.01143
     2	0.01143
   167	0.01143
   413	0.01143
     2	0.01143
   139	0.01143
    52	0.01143
   114	0.01143
    22	0.01143
   212	0.01143
    75	0.01143
   605	0.01143
   167	0.01143
   667	0.01143
   472	0.01143
   133	0.01143
     2	0.01143
    91	0.01143
    69	0.01143
   249	0.01143
    31	0.01143
    27	0.01143
     4	0.01143
    65	0.01143
   557	0.01143
    27	0.01143
     2	0.01143
   966	0.01143
    83	0.01143
    35	0.01143
   108	0.01143
    92	0.01143
   109	0.01143
    49	0.01143
    79	0.01143
     2	0.01143
     6	0.01143
     7	0.01143
    92	0.01143
    31	0.01143
    43	0.01143
    44	0.01143
     6	0.01143
    26	0.01143
    51	0.01143
    43	0.01143
   109	0.01143
    44	0.01143
    23	0.01143
    64	0.01143
   218	0.01143
   741	0.01143
    58	0.01143
   209	0.01143
   210	0.01143
   539	0.01143
    19	0.00987
   104	0.00987
    64	0.00987
    38	0.00987
    10	0.00987
     2	0.00987
    27	0.00987
   990	0.00987
   453	0.00987
    95	0.00987
   186	0.00987
   106	0.00987
  1682	0.00987
   167	0.00987
    13	0.00987
    42	0.00987
   651	0.00987
    74	0.00987
    22	0.00987
    14	0.00987
    31	0.00987
  4372	0.00987
   146	0.00987
   839	0.00987
    42	0.00987
   535	0.00987
   144	0.00987
    70	0.00987
    25	0.00987
  1713	0.00987
    73	0.00987
    32	0.00987
   380	0.00987
     4	0.00987
    12	0.00987
   554	0.00987
    57	0.00987
   935	0.00987
     4	0.00987
    79	0.00987
  1905	0.00987
  1354	0.00987
     4	0.00987
     2	0.00987
     2	0.00987
     7	0.00987
    75	0.00987
    34	0.00987
     5	0.00987
    47	0.00987
    49	0.00987
    41	0.00987
   276	0.00987
     3	0.00987
   121	0.00987
   192	0.00987
   210	0.00987
    13	0.00987
    23	0.00987
     4	0.00987
  1376	0.00987
   193	0.00987
     6	0.00987
    10	0.00987
  1841	0.00987
   109	0.00987
   184	0.00987
    23	0.00987
    22	0.00987
   113	0.00987
     5	0.00987
    25	0.00987
     4	0.00987
   162	0.00987
    23	0.00987
   897	0.00987
   106	0.00987
  1058	0.00987
   154	0.00987
     6	0.00987
     2	0.00987
   111	0.00987
   661	0.00987
     2	0.00987
   109	0.00987
     5	0.00987
     7	0.00987
   477	0.00987
   115	0.00987
   504	0.00987
   112	0.00987
    85	0.00987
    10	0.00987
    52	0.00987
     7	0.00987
   196	0.00987
     4	0.00987
    38	0.00987
   260	0.00987
    82	0.00987
     7	0.00987
    68	0.00987
    77	0.00987
    45	0.00987
    29	0.00987
    86	0.00987
   624	0.00987
   313	0.00987
    10	0.00987
     9	0.00987
    49	0.00987
     4	0.00987
   982	0.00987
    59	0.00987
     8	0.00987
    22	0.00987
    52	0.00987
    40	0.00987
     4	0.00987
   164	0.00987
   103	0.00987
     2	0.00987
   140	0.00987
    24	0.00987
    51	0.00987
   645	0.00987
     7	0.00987
  3422	0.00987
    67	0.00987
   711	0.00987
    54	0.00987
    33	0.00987
     9	0.00987
    35	0.00987
    49	0.00987
   180	0.00987
     4	0.00987
   260	0.00987
  1235	0.00987
   553	0.00987
    40	0.00987
     6	0.00987
  1180	0.00987
   104	0.00987
    22	0.00987
    56	0.00987
    23	0.00987
    30	0.00987
   113	0.00987
     5	0.00987
    63	0.00987
    12	0.00987
    36	0.00987
    59	0.00987
     2	0.00987
     6	0.00987
   246	0.00987
   711	0.00987
   268	0.00987
     4	0.00987
   115	0.00987
     4	0.00987
   960	0.00987
    75	0.00987
   219	0.00987
   836	0.00987
    18	0.00987
    54	0.00987
    10	0.00987
   484	0.00987
   272	0.00987
   386	0.00987
   636	0.00987
   873	0.00987
   676	0.00987
   434	0.00987
   202	0.00987
    30	0.00987
    33	0.00987
   181	0.00987
   109	0.00987
    31	0.00987
  1322	0.00987
   315	0.00987
   319	0.00987
    56	0.00987
   283	0.00987
    29	0.00987
    28	0.00987
   236	0.00987
   142	0.00987
   441	0.00987
     4	0.00987
   296	0.00987
     7	0.00987
    57	0.00987
   105	0.00987
   291	0.00987
   508	0.00987
    12	0.00987
   167	0.00987
    16	0.00987
   218	0.01175
   159	0.01175
   969	0.01175
   177	0.01175
    97	0.01175
    23	0.01175
    98	0.01175
    22	0.01175
   555	0.01175
   153	0.01175
    44	0.01175
   112	0.01175
    59	0.01175
   280	0.01175
  2617	0.01175
   198	0.01175
    16	0.01175
   258	0.01175
    62	0.01175
    11	0.01175
     4	0.01175
   201	0.01175
   157	0.01175
   326	0.01175
   139	0.01175
   325	0.01175
    79	0.01175
     8	0.01175
     3	0.01175
    72	0.01175
     5	0.01175
    13	0.01175
   389	0.01175
   503	0.01175
  2995	0.01175
     4	0.01175
   142	0.01175
   123	0.01175
  2700	0.01175
   113	0.01175
    37	0.01175
    49	0.01175
    57	0.01175
   107	0.01175
     4	0.01175
    19	0.01175
    23	0.01175
   260	0.01175
    22	0.01175
   274	0.01175
    13	0.01175
   281	0.01175
     8	0.01175
   184	0.01175
    56	0.01175
     4	0.01175
     7	0.01175
   617	0.01175
    43	0.01175
   142	0.01175
   190	0.01175
     5	0.01175
   103	0.01175
     6	0.01175
  1198	0.01175
    35	0.01175
     5	0.01175
    27	0.01175
    54	0.01175
   176	0.01175
   682	0.01175
  1158	0.01175
    18	0.01175
     4	0.01175
   281	0.01175
   148	0.01175
    70	0.01175
    18	0.01175
     2	0.01175
   221	0.01175
    32	0.01175
   782	0.01175
   310	0.01175
   107	0.01175
  1315	0.01175
   123	0.01175
  1577	0.01175
     7	0.01175
   289	0.01175
     2	0.01175
     4	0.01175
   178	0.01175
     3	0.01175
     2	0.01175
    46	0.01175
   266	0.01175
   708	0.01175
  1426	0.01175
   131	0.01175
    18	0.01175
   177	0.01175
    49	0.01175
   570	0.01175
     7	0.01175
   124	0.01175
    18	0.01175
   111	0.01175
     8	0.01175
   131	0.01175
   320	0.01175
  1382	0.01175
  1019	0.01175
    82	0.01175
    14	0.01175
    44	0.01175
    62	0.01175
    54	0.01175
    24	0.01175
    55	0.01175
   688	0.01175
    42	0.01175
    33	0.01175
    14	0.01175
   249	0.01175
    13	0.01175
   184	0.01175
   218	0.01175
    40	0.01175
   163	0.01175
   177	0.01175
    64	0.01175
    19	0.01175
    19	0.01175
    72	0.01175
   713	0.01175
     2	0.01175
     8	0.01175
   160	0.01175
    30	0.01175
    41	0.01175
  1018	0.01175
   119	0.01175
     3	0.01175
    28	0.01175
   430	0.01175
   722	0.01175
    14	0.01175
     3	0.01175
   299	0.01175
    13	0.01175
     4	0.01175
  1720	0.01175
   119	0.01175
   303	0.01175
     2	0.01175
    36	0.01175
   829	0.01175
    12	0.01175
    57	0.01175
     6	0.01175
  1160	0.01175
     4	0.01175
   912	0.01175
   174	0.01175
     8	0.01175
    44	0.01175
    17	0.01175
   139	0.01175
    42	0.01175
     2	0.01175
   136	0.01175
   121	0.01175
    26	0.01175
     8	0.01175
    63	0.01175
     3	0.01175
     7	0.01175
     5	0.01175
    94	0.01175
   182	0.01175
    71	0.01175
   136	0.01175
    49	0.01175
   191	0.01175
   194	0.01175
    12	0.01175
     2	0.01175
    79	0.01175
    17	0.01175
    67	0.01175
    82	0.01175
    30	0.01175
    52	0.01175
    54	0.01175
   155	0.01175
    15	0.01175
    12	0.01175
   583	0.01175
    65	0.01175
    31	0.01175
    35	0.01175
   256	0.01175
     8	0.01175
    36	0.01175
     7	0.01175
     3	0.01175
    28	0.01175
   835	0.01175
   367	0.01175
    14	0.01175
     2	0.01175
   184	0.01175
    75	0.01175
   142	0.01175
   719	0.01175
   3314151
   24
