  97
   199	0.00983
   298	0.00983
     3	0.00983
   175	0.00983
    14	0.00983
    59	0.00983
     7	0.00983
  1352	0.00983
    46	0.00983
   100	0.00983
   387	0.00983
  1566	0.00983
    59	0.00983
   469	0.00983
    31	0.00983
   942	0.00983
    75	0.00983
     4	0.00983
  1534	0.00983
   638	0.00983
   849	0.00983
    12	0.00983
    46	0.00983
   234	0.00983
  4149	0.00983
   218	0.00983
   313	0.00983
    58	0.00983
    76	0.00983
   638	0.00983
   616	0.00983
    89	0.00983
    93	0.00983
    90	0.00983
    11	0.00983
   154	0.00983
     2	0.00983
  1464	0.00983
    49	0.00983
  2680	0.00983
    49	0.00983
     3	0.00983
   235	0.00983
    10	0.00983
    49	0.00983
  1158	0.00983
   547	0.00983
   476	0.00983
    31	0.00983
    67	0.00983
    54	0.00983
   702	0.00983
   215	0.00983
    27	0.00983
    53	0.00983
   390	0.00983
    42	0.00983
    46	0.00983
   717	0.00983
   535	0.00983
   772	0.00983
   235	0.00983
    58	0.00983
   469	0.00983
    12	0.00983
    31	0.00983
  1523	0.00983
    24	0.00983
     2	0.00983
  1791	0.00983
   485	0.00983
  1350	0.00983
    65	0.00983
   218	0.00983
    27	0.00983
     3	0.00983
    12	0.00983
    68	0.00983
    54	0.00983
    58	0.00983
   112	0.00983
    32	0.00983
   223	0.00983
  1690	0.00983
     6	0.00983
    28	0.00983
    50	0.00983
   493	0.00983
   704	0.00983
   112	0.00983
   175	0.00983
    91	0.00983
   115	0.00983
    25	0.00983
    11	0.00983
    37	0.00983
   471	0.00983
    394367
   24
