 139
   120	0.01292
    15	0.01292
     2	0.01292
   126	0.01292
   802	0.01292
   219	0.01292
    63	0.01292
     4	0.01292
   405	0.01292
   469	0.01292
   161	0.01292
   197	0.01292
    45	0.01292
    22	0.01292
     8	0.01292
     2	0.01292
   351	0.01292
   222	0.01292
    24	0.01292
   465	0.01292
  1600	0.01292
   866	0.01292
    70	0.01292
    84	0.01292
    84	0.01292
    14	0.01292
   452	0.01292
    48	0.01292
   129	0.01292
     4	0.01292
     9	0.01292
    46	0.01292
    54	0.01292
    98	0.01292
     7	0.01292
    24	0.01292
   316	0.01292
    45	0.01292
   155	0.01292
   150	0.01292
    69	0.01292
     5	0.01292
     2	0.01292
   532	0.01292
   248	0.01292
   124	0.01292
   199	0.01292
  1070	0.01292
    87	0.01292
   134	0.01292
    94	0.01292
    87	0.01292
    64	0.01292
    32	0.01292
     4	0.01292
     2	0.01292
    10	0.01292
    58	0.01292
    21	0.01292
   237	0.01292
     8	0.01292
   675	0.01292
   323	0.01292
     3	0.01292
    65	0.01292
    35	0.01292
    24	0.01292
    62	0.01292
     7	0.01292
     6	0.01292
   180	0.01292
   488	0.01292
     2	0.01292
   258	0.01600
    10	0.01600
   193	0.01600
   118	0.01600
     5	0.01600
    71	0.01600
     6	0.01600
    85	0.01600
   100	0.01600
     2	0.01600
    15	0.01600
    10	0.01600
   169	0.01600
    32	0.01600
   385	0.01600
    56	0.01600
   703	0.01600
     2	0.01600
   326	0.01600
   426	0.01600
    84	0.01600
   366	0.01600
    34	0.01600
     5	0.01600
    25	0.01600
   115	0.01600
    19	0.01600
   442	0.01600
    42	0.01600
    70	0.01600
   103	0.01600
     4	0.01600
     7	0.01600
   386	0.01600
   136	0.01600
    20	0.01600
   728	0.01600
    20	0.01600
   251	0.01600
     5	0.01600
    58	0.01600
     6	0.01600
    68	0.01600
    15	0.01600
    31	0.01600
     3	0.01600
   127	0.01600
    10	0.01600
    56	0.01600
   184	0.01600
   355	0.01600
    37	0.01600
    17	0.01600
    41	0.01600
   422	0.01600
     2	0.01600
     8	0.01600
    16	0.01600
     3	0.01600
    16	0.01600
    59	0.01600
    58	0.01600
   177	0.01600
    45	0.01600
     2	0.01600
   215	0.01600
    823970
   19
