 250
    24	0.01158
    30	0.01158
   195	0.01158
   149	0.01158
   724	0.01158
     5	0.01158
     4	0.01158
   281	0.01158
     6	0.01158
     2	0.01158
     4	0.01158
     2	0.01158
   215	0.01158
    70	0.01158
     2	0.01158
    68	0.01158
   310	0.01158
    64	0.01158
    47	0.01158
     7	0.01158
    37	0.01158
    20	0.01158
     3	0.01158
    26	0.01158
    40	0.01158
   186	0.01158
    20	0.01158
    50	0.01158
    27	0.01158
    13	0.01158
   169	0.01158
    84	0.01158
    10	0.01158
    11	0.01158
    23	0.01158
   138	0.01158
  1476	0.01158
    19	0.01158
    64	0.01158
   112	0.01158
     2	0.01158
    32	0.01158
   266	0.01158
    72	0.01158
   561	0.01158
    28	0.01158
   133	0.01158
   313	0.01158
   141	0.01158
    15	0.01158
     3	0.01759
    45	0.01759
    12	0.01759
     2	0.01759
    15	0.01759
     2	0.01759
     4	0.01759
   219	0.01759
    71	0.01759
    66	0.01759
     2	0.01759
     4	0.01759
    37	0.01759
     4	0.01759
    11	0.01759
   214	0.01759
    93	0.01759
    91	0.01759
    89	0.01759
   348	0.01759
   268	0.01759
     5	0.01759
    30	0.01759
     3	0.01759
     7	0.01759
     2	0.01759
   114	0.01759
     2	0.01759
   188	0.01759
    17	0.01759
     2	0.01759
    74	0.01759
     2	0.01759
     2	0.01759
     2	0.01759
    52	0.01759
   160	0.01759
    44	0.01759
   196	0.01759
    23	0.01759
   232	0.01759
    78	0.01759
   259	0.01759
    68	0.01759
   161	0.01759
    16	0.01759
    11	0.01759
    24	0.01759
    17	0.01759
     4	0.01759
   342	0.01759
    77	0.01759
    11	0.01759
   133	0.01759
    69	0.01759
     3	0.01759
     6	0.01759
     5	0.01759
    10	0.01759
    27	0.01759
    61	0.01759
    95	0.01759
    25	0.01759
    38	0.01759
     3	0.01759
     7	0.01759
    14	0.01759
    43	0.01759
    32	0.01759
   148	0.01759
   109	0.01759
    28	0.01759
     4	0.01759
    58	0.01759
     4	0.01759
    46	0.01759
    11	0.01442
   559	0.01442
   475	0.01442
   160	0.01442
    26	0.01442
    70	0.01442
    60	0.01442
   287	0.01442
   114	0.01442
    61	0.01442
   106	0.01442
    15	0.01442
     6	0.01442
    24	0.01442
     7	0.01442
    16	0.01442
   357	0.01442
     2	0.01442
    11	0.01442
     3	0.01442
     3	0.01442
    58	0.01442
    21	0.01442
   392	0.01442
    98	0.01442
     2	0.01442
    87	0.01442
   659	0.01442
   581	0.01442
   261	0.01442
   200	0.01442
    41	0.01442
   170	0.01442
     5	0.01442
    17	0.01442
     3	0.01442
    18	0.01442
    88	0.01442
     3	0.01442
    10	0.01442
    64	0.01442
   443	0.01442
    27	0.01442
    81	0.01442
    39	0.01442
    73	0.01442
    22	0.01442
    14	0.01442
   126	0.01442
   175	0.01442
    18	0.01442
    15	0.01442
    42	0.01442
    65	0.01442
    11	0.01442
     2	0.01442
    41	0.01442
   215	0.01442
     6	0.01442
    13	0.01442
   171	0.01442
     2	0.01442
   149	0.01442
   117	0.01442
    23	0.01442
     3	0.01442
     4	0.01442
    67	0.01442
   242	0.01442
   300	0.01442
    37	0.01442
    37	0.01442
    17	0.01442
   231	0.01442
     7	0.01442
    56	0.01442
    12	0.01442
    21	0.01442
    32	0.01442
    32	0.01442
    51	0.01442
    77	0.01442
    79	0.01442
     3	0.01442
     2	0.01442
   109	0.01442
   153	0.01442
    16	0.01442
     2	0.01442
   249	0.01442
   128	0.01442
    23	0.01442
     7	0.01442
    49	0.01442
    35	0.01442
   163	0.01442
   393	0.01442
    28	0.01442
   178	0.01442
   169	0.01442
    37	0.01442
     5	0.01442
     2	0.01442
    40	0.01442
     3	0.01442
    60	0.01442
    48	0.01442
    15	0.01442
    90	0.01442
   225	0.01442
   129	0.01442
    73	0.01442
   303	0.01442
    56	0.01442
    67	0.01442
    32	0.01442
   469	0.01442
     3	0.01442
    24	0.01442
    22	0.01442
    33	0.01442
    33	0.01442
    62	0.01442
    46	0.01442
    876941
   24
