 680
   149	0.00514
   671	0.00514
    37	0.00514
   385	0.00514
   233	0.00514
   129	0.00514
   140	0.00514
   112	0.00514
   275	0.00514
    51	0.00514
    11	0.00514
    13	0.00514
   321	0.00514
   445	0.00514
   130	0.00514
  1110	0.00514
   259	0.00514
   336	0.00514
    24	0.00514
   112	0.00514
   892	0.00514
     2	0.00514
     7	0.00514
   315	0.00514
   133	0.00514
    16	0.00514
    23	0.00514
    26	0.00514
    13	0.00514
   653	0.00514
   476	0.00514
   667	0.00514
    58	0.00514
   245	0.00514
   426	0.00514
   897	0.00514
   486	0.00514
    78	0.00514
   410	0.00514
   176	0.00514
   165	0.00514
  1187	0.00514
   493	0.00514
   240	0.00514
   194	0.00514
  4042	0.00514
    92	0.00514
  1204	0.00514
   291	0.00514
   153	0.00514
    24	0.00514
    81	0.00514
   607	0.00514
   900	0.00514
   559	0.00514
    84	0.00514
   560	0.00514
  1959	0.00514
   346	0.00514
     8	0.00514
    45	0.00514
   173	0.00514
   199	0.00514
  1492	0.00514
   431	0.00514
   267	0.00514
  2613	0.00514
  5422	0.00514
   761	0.00514
  2680	0.00514
  1157	0.00514
  1379	0.00514
    85	0.00514
   188	0.00514
     7	0.00514
    57	0.00514
   588	0.00514
    33	0.00514
   122	0.00514
    11	0.00514
   549	0.00514
    13	0.00514
    30	0.00514
   707	0.00514
     6	0.00514
    36	0.00514
   243	0.00431
    26	0.00431
    32	0.00431
   116	0.00431
    67	0.00431
   221	0.00431
    24	0.00431
   249	0.00431
    10	0.00431
    51	0.00431
   396	0.00431
    28	0.00431
     2	0.00431
    24	0.00431
     2	0.00431
     2	0.00431
   753	0.00431
    25	0.00431
  1506	0.00431
   152	0.00431
   697	0.00431
  1589	0.00431
    54	0.00431
    96	0.00431
  1038	0.00431
   401	0.00431
    15	0.00431
    74	0.00431
    67	0.00431
   607	0.00431
   499	0.00431
  1152	0.00431
    20	0.00431
  1006	0.00431
   236	0.00431
  2520	0.00431
   926	0.00431
  2549	0.00431
  1750	0.00431
  1376	0.00431
   934	0.00431
    88	0.00431
  4476	0.00431
    47	0.00431
   258	0.00431
   936	0.00431
  1074	0.00431
   463	0.00431
  3402	0.00431
   369	0.00431
     4	0.00431
   250	0.00431
    27	0.00431
    97	0.00431
    75	0.00431
   698	0.00431
   782	0.00431
   457	0.00431
     2	0.00431
   556	0.00431
    50	0.00431
    53	0.00431
   478	0.00431
  6272	0.00431
    66	0.00431
   175	0.00431
     5	0.00431
    45	0.00431
   107	0.00431
   504	0.00431
  1041	0.00431
  1232	0.00431
    27	0.00431
     5	0.00431
   684	0.00431
   304	0.00431
    53	0.00431
   168	0.00431
    19	0.00431
   512	0.00431
   139	0.00431
   515	0.00431
   118	0.00431
    46	0.00431
   148	0.00431
   364	0.00431
    89	0.00431
   108	0.00431
   194	0.00431
   172	0.00431
   132	0.00431
    64	0.00431
     2	0.00431
   139	0.00431
   319	0.00431
   424	0.00431
    22	0.00431
   198	0.00431
   351	0.00431
  1764	0.00431
    71	0.00431
   903	0.00431
   161	0.00431
  1727	0.00431
   788	0.00431
  2950	0.00431
   163	0.00431
   830	0.00431
   130	0.00431
   460	0.00431
    79	0.00431
   133	0.00431
   270	0.00431
   898	0.00431
  1537	0.00431
   998	0.00431
    56	0.00431
     7	0.00431
    43	0.00431
  1353	0.00431
   688	0.00431
    10	0.00486
   141	0.00486
    71	0.00486
     3	0.00486
   341	0.00486
    82	0.00486
    21	0.00486
   345	0.00486
  1423	0.00486
   132	0.00486
    11	0.00486
    38	0.00486
    62	0.00486
   206	0.00486
     3	0.00486
     6	0.00486
   271	0.00486
   194	0.00486
     3	0.00486
    68	0.00486
    70	0.00486
     3	0.00486
   232	0.00486
   387	0.00486
    28	0.00486
     6	0.00486
   652	0.00486
    59	0.00486
   654	0.00486
    35	0.00486
   124	0.00486
   118	0.00486
   166	0.00486
    79	0.00486
   124	0.00486
   595	0.00486
    19	0.00486
    57	0.00486
    76	0.00486
   112	0.00486
   298	0.00486
   115	0.00486
    58	0.00486
     2	0.00585
    19	0.00585
     8	0.00585
    35	0.00585
    20	0.00585
    75	0.00585
    23	0.00585
   371	0.00585
  1207	0.00585
   354	0.00585
    19	0.00585
    97	0.00585
     3	0.00585
    69	0.00585
   363	0.00585
    81	0.00585
     7	0.00585
    22	0.00585
    55	0.00585
     6	0.00585
    45	0.00585
    24	0.00585
     2	0.00585
    88	0.00585
   119	0.00585
    41	0.00585
    43	0.00585
    67	0.00585
    79	0.00585
   350	0.00585
    16	0.00585
    53	0.00585
     6	0.00585
   188	0.00585
   463	0.00585
   237	0.00585
    49	0.00585
   110	0.00585
    38	0.00585
    51	0.00585
    18	0.00585
   123	0.00585
    17	0.00585
    82	0.00585
   288	0.00585
    14	0.00585
     2	0.00585
    96	0.00585
    18	0.00585
  2369	0.00585
   234	0.00585
    36	0.00585
   198	0.00585
    99	0.00585
   130	0.00585
   158	0.00585
     9	0.00585
     4	0.00585
    90	0.00585
   136	0.00585
    37	0.00585
    32	0.00585
    73	0.00585
     2	0.00585
     3	0.00585
   195	0.00585
    38	0.00585
     2	0.00585
   157	0.00585
   581	0.00585
     2	0.00585
   223	0.00585
   306	0.00585
    33	0.00554
    25	0.00554
    33	0.00554
    16	0.00554
   101	0.00554
   283	0.00554
     5	0.00554
   329	0.00554
     9	0.00554
   178	0.00554
     9	0.00554
    15	0.00554
    28	0.00554
   142	0.00554
    14	0.00554
   167	0.00554
     4	0.00554
     7	0.00554
    17	0.00554
    41	0.00554
    49	0.00554
    14	0.00554
     6	0.00554
     2	0.00554
   214	0.00554
    28	0.00554
    96	0.00554
    11	0.00554
   136	0.00554
     8	0.00554
    22	0.00554
   202	0.00554
   176	0.00554
     8	0.00554
   124	0.00554
    10	0.00554
   195	0.00554
   106	0.00554
    92	0.00554
    90	0.00414
   245	0.00414
   187	0.00414
    76	0.00414
   149	0.00414
   907	0.00414
     2	0.00414
     3	0.00414
   508	0.00414
   114	0.00414
    12	0.00414
    68	0.00414
    88	0.00414
     6	0.00414
    96	0.00414
   478	0.00414
   120	0.00414
    16	0.00414
    84	0.00414
    29	0.00414
   406	0.00414
   133	0.00414
     3	0.00414
     8	0.00414
   335	0.00414
   271	0.00414
   869	0.00414
   987	0.00414
   123	0.00414
    34	0.00414
   274	0.00414
   407	0.00414
  2295	0.00414
  1514	0.00414
    24	0.00414
    51	0.00414
    11	0.00414
   120	0.00414
   266	0.00414
     7	0.00414
    33	0.00414
   467	0.00414
   168	0.00414
   231	0.00414
    24	0.00414
    31	0.00414
   137	0.00414
   720	0.00414
   340	0.00414
   436	0.00534
   108	0.00534
   120	0.00534
     5	0.00534
    96	0.00534
    40	0.00534
   251	0.00534
   918	0.00534
    79	0.00534
   304	0.00534
    70	0.00534
    61	0.00534
    30	0.00534
    32	0.00534
    55	0.00534
   273	0.00534
     3	0.00534
   597	0.00534
  1480	0.00534
   292	0.00534
    12	0.00534
    63	0.00534
     4	0.00534
   739	0.00534
   133	0.00534
    25	0.00534
   148	0.00534
    10	0.00534
    37	0.00534
    28	0.00534
    32	0.00534
    98	0.00681
   242	0.00681
    89	0.00681
    18	0.00681
     5	0.00681
    46	0.00681
    58	0.00681
    22	0.00681
    91	0.00681
    98	0.00681
    23	0.00681
   566	0.00681
   173	0.00681
    72	0.00681
  1668	0.00681
   239	0.00681
   101	0.00681
   327	0.00681
   880	0.00681
    95	0.00681
   422	0.00681
   551	0.00681
   785	0.00681
   265	0.00681
   113	0.00681
    27	0.00681
   341	0.00681
     8	0.00681
    30	0.00681
    24	0.00681
    16	0.00681
   161	0.00681
   110	0.00681
   301	0.00681
   200	0.00681
  1438	0.00583
    34	0.00583
   217	0.00583
    12	0.00583
   100	0.00583
  1197	0.00583
   308	0.00583
   434	0.00583
    59	0.00583
    12	0.00583
   319	0.00583
   213	0.00583
   481	0.00583
    86	0.00583
     9	0.00583
   245	0.00583
     7	0.00583
   372	0.00583
   630	0.00583
  1218	0.00583
     5	0.00583
   109	0.00583
    66	0.00583
     7	0.00583
    83	0.00583
   300	0.00583
     7	0.00583
   210	0.00583
   172	0.00583
    81	0.00583
    78	0.00583
  1411	0.00617
   283	0.00617
    18	0.00617
   210	0.00617
     3	0.00617
     7	0.00617
    75	0.00617
   733	0.00617
    76	0.00617
   153	0.00617
   346	0.00617
   287	0.00617
    82	0.00617
   170	0.00617
    20	0.00617
   143	0.00617
   252	0.00617
   489	0.00617
    78	0.00617
    15	0.00617
    31	0.00617
   356	0.00617
   125	0.00617
   126	0.00617
   412	0.00617
   222	0.00617
   242	0.00617
   155	0.00617
   157	0.00617
    40	0.00617
    32	0.00617
   222	0.00617
    90	0.00617
     4	0.00617
    17	0.00617
    18	0.00617
    15	0.00617
    21	0.00617
  1704	0.00617
   144	0.00617
    12	0.00617
   209	0.00617
    58	0.00617
   228	0.00671
    20	0.00671
    12	0.00671
    30	0.00671
   185	0.00671
     2	0.00671
   156	0.00671
   223	0.00671
     5	0.00671
   261	0.00671
    34	0.00671
   326	0.00671
   194	0.00671
   101	0.00671
   374	0.00671
     2	0.00671
   508	0.00671
   689	0.00671
   118	0.00671
    81	0.00671
    17	0.00671
    36	0.00671
    78	0.00671
     7	0.00671
    11	0.00671
   115	0.00671
    20	0.00671
   119	0.00671
   486	0.00671
   159	0.00671
   247	0.00671
   124	0.00671
   292	0.00671
   474	0.00671
   348	0.00671
   172	0.00671
    47	0.00671
    60	0.00671
    64	0.00671
   283	0.00671
    59	0.00671
   546	0.00671
   157	0.00671
    28	0.00671
   260	0.00671
    11	0.00671
   244	0.00671
   288	0.00671
     2	0.00671
    10	0.00671
   922	0.00671
     3	0.00671
   163	0.00671
   386	0.00671
   114	0.00671
  2393	0.00671
   267	0.00671
    15	0.00671
   305	0.00671
     8	0.00649
    15	0.00649
    53	0.00649
   361	0.00649
    64	0.00649
   117	0.00649
  2119	0.00649
    26	0.00649
    20	0.00649
    17	0.00649
   460	0.00649
   315	0.00649
     6	0.00649
    35	0.00649
   572	0.00649
     6	0.00649
   362	0.00649
   266	0.00649
    20	0.00649
   573	0.00649
    44	0.00649
     2	0.00649
    44	0.00649
   109	0.00649
    91	0.00649
   317	0.00649
   109	0.00649
    49	0.00649
   505	0.00649
     2	0.00649
    90	0.00649
    91	0.00649
   609	0.00649
   122	0.00649
     2	0.00649
   117	0.00649
    58	0.00649
    22	0.00649
   258	0.00649
    18	0.00649
   357	0.00649
    28	0.00649
    79	0.00649
   151	0.00649
     3	0.00649
     7	0.00649
   198	0.00649
   398	0.00649
   345	0.00649
   181	0.00649
    88	0.00649
   152	0.00649
   311	0.00649
   291	0.00649
   830	0.00649
    36	0.00649
   163	0.00649
    81	0.00649
    75	0.00649
  1103	0.00649
    26	0.00649
   840	0.00649
   221	0.00649
   361	0.00649
   451	0.00649
    87	0.00649
   138	0.00649
   361	0.00649
   200	0.00649
   176	0.00649
   3314151
   11
