  59
    12	0.00536
    14	0.00536
     7	0.00536
   332	0.00536
    44	0.00536
    48	0.00536
   463	0.00536
   415	0.00536
    84	0.00536
   676	0.00536
    12	0.00536
   221	0.00536
    43	0.00536
  1316	0.00536
    24	0.00536
     2	0.00536
    63	0.00536
   520	0.00536
   184	0.00536
   389	0.00536
    22	0.00536
   657	0.00536
   339	0.00536
   129	0.00536
    46	0.00536
   482	0.00536
    42	0.00536
    35	0.00536
    27	0.00536
   622	0.00536
    51	0.00536
    27	0.00536
     3	0.00536
   163	0.00536
    11	0.00536
   812	0.00536
   230	0.00536
   128	0.00536
    79	0.00536
     8	0.00536
    31	0.00536
     5	0.00536
    14	0.00536
   622	0.00536
   186	0.00536
   174	0.00536
   223	0.00536
   110	0.00536
     2	0.00536
    36	0.00536
   717	0.00536
     3	0.00536
     9	0.00536
     2	0.00536
    42	0.00536
    58	0.00536
    58	0.00536
     3	0.00536
   124	0.00536
    394367
   11
