  82
    10	0.01731
   153	0.01731
    65	0.01731
   104	0.01731
     8	0.01331
    88	0.01331
    64	0.01331
   377	0.01331
   109	0.01331
    10	0.01331
   166	0.01331
   141	0.01331
   135	0.01331
     7	0.01331
   408	0.01331
    10	0.01331
   181	0.01331
    21	0.01331
    10	0.01331
   149	0.01331
   123	0.01331
    85	0.01331
   237	0.01331
   219	0.01331
   275	0.01331
   958	0.01331
   105	0.01331
     4	0.01331
     7	0.01331
    33	0.01331
     8	0.01331
    40	0.01331
    90	0.01331
   302	0.01331
   417	0.01107
   237	0.01107
   164	0.01107
    20	0.01107
    87	0.01107
   584	0.01107
    89	0.01107
    34	0.01107
   510	0.01107
   138	0.01107
  1388	0.01107
    32	0.01107
     3	0.01107
   101	0.01107
     2	0.01107
    51	0.01107
    86	0.01107
    26	0.01107
     6	0.01210
     3	0.01210
    51	0.01210
     6	0.01210
    14	0.01210
    83	0.01210
     5	0.01210
    37	0.01210
    32	0.01210
     2	0.01210
    36	0.01210
    81	0.01210
   833	0.01210
    18	0.01210
   205	0.01210
   163	0.01210
    30	0.01210
   285	0.01210
   744	0.01668
  1011	0.01668
    19	0.01668
    59	0.01668
    34	0.01668
   230	0.01668
   253	0.01668
     9	0.01668
   583	0.01668
    83	0.01668
    70	0.01668
    78	0.01668
   1462494
   18
