1247
     9	0.00990
     2	0.00990
    46	0.00990
    23	0.00990
     6	0.00990
    30	0.00990
     2	0.00990
   188	0.00990
    89	0.00990
   183	0.00990
    28	0.00990
     3	0.00990
     6	0.00990
    15	0.00990
   595	0.00990
    38	0.00990
    25	0.00990
     3	0.00990
   130	0.00990
  8031	0.00990
   522	0.00990
    13	0.00990
    89	0.00990
     2	0.00990
     8	0.00990
   270	0.00990
     7	0.00990
    45	0.00990
  1585	0.00990
   151	0.00990
   149	0.00990
     3	0.00990
    10	0.00990
   180	0.00990
  1007	0.00990
   211	0.00990
  2214	0.00990
    34	0.00990
    21	0.00990
   240	0.00990
   247	0.00990
    68	0.00990
   290	0.00990
     2	0.00990
     4	0.00990
     4	0.00990
     3	0.00990
    10	0.00990
   665	0.00990
     2	0.00990
   357	0.00990
   286	0.00990
    25	0.00990
    13	0.01110
     7	0.01110
     3	0.01110
   415	0.01110
   454	0.01110
     4	0.01110
     9	0.01110
    23	0.01110
    53	0.01110
   433	0.01110
     6	0.01110
     2	0.01110
   162	0.01110
   291	0.01110
   536	0.01110
   183	0.01110
    54	0.01110
    57	0.01110
   277	0.01110
   160	0.01110
   204	0.01110
     7	0.01110
    11	0.01110
   131	0.01110
    57	0.01110
    10	0.01110
   507	0.01110
   203	0.01110
    93	0.01110
    46	0.01110
    22	0.01110
   254	0.01110
    13	0.01110
     4	0.01110
   378	0.01110
    58	0.01110
   831	0.01110
    62	0.01110
  1010	0.01110
   158	0.01110
   527	0.01110
  1278	0.01110
   568	0.01110
    85	0.01110
    18	0.01110
    15	0.01110
   898	0.01110
   130	0.01110
   556	0.01110
   232	0.01110
   679	0.01110
   270	0.01110
     4	0.01110
    60	0.01110
    76	0.01110
  1284	0.01110
    16	0.01110
     9	0.01110
    38	0.01110
    23	0.01239
    98	0.01239
    53	0.01239
  1664	0.01239
    11	0.01239
    34	0.01239
    29	0.01239
     2	0.01239
     7	0.01239
    15	0.01239
   718	0.01239
     9	0.01239
     4	0.01239
    49	0.01239
   653	0.01239
     6	0.01239
     2	0.01239
   136	0.01239
  1676	0.01239
   153	0.01239
   416	0.01239
     3	0.01239
   288	0.01239
    19	0.01239
    17	0.01239
    95	0.01239
    14	0.01239
   620	0.01239
   138	0.01239
    85	0.01239
   370	0.01239
     4	0.01239
   694	0.01239
   971	0.01239
    46	0.01239
    19	0.01239
    17	0.01239
   152	0.01239
    41	0.01239
    80	0.01239
   250	0.01239
     6	0.01239
     3	0.01239
   206	0.01239
   132	0.01239
   209	0.01239
    72	0.01239
     6	0.01239
     4	0.01239
    12	0.01239
    97	0.01239
   101	0.01239
   161	0.01239
    55	0.01239
   261	0.01239
   102	0.01239
   126	0.01239
    37	0.01239
    23	0.01239
   368	0.01239
    20	0.01239
   290	0.01239
    28	0.01239
    97	0.01239
    55	0.01239
   102	0.01239
    20	0.01239
   248	0.01239
     7	0.01239
   530	0.01239
   129	0.01239
   283	0.01239
    59	0.01239
   461	0.01239
     3	0.01239
   217	0.01239
    74	0.01239
    20	0.01239
     3	0.01239
   126	0.01239
    13	0.01239
    15	0.01239
   278	0.01239
    12	0.01239
   779	0.01239
   567	0.01239
    15	0.01239
   398	0.01239
    20	0.01239
     9	0.01239
    77	0.01239
    23	0.01239
    17	0.01239
    93	0.01239
    20	0.01239
     3	0.01239
    30	0.01239
    88	0.01239
    92	0.01239
     2	0.01239
   123	0.01239
    57	0.01239
    11	0.01239
   195	0.01239
    27	0.01239
   193	0.01239
    22	0.01239
     6	0.01239
    40	0.01239
   827	0.01239
   410	0.01239
     8	0.01239
     4	0.01239
    10	0.01239
   389	0.01209
    18	0.01209
   106	0.01209
   236	0.01209
    46	0.01209
    15	0.01209
    66	0.01209
   104	0.01209
   529	0.01209
     2	0.01209
   206	0.01209
    26	0.01209
     4	0.01209
    24	0.01209
   312	0.01209
    36	0.01209
   126	0.01209
     6	0.01209
    11	0.01209
    20	0.01209
   167	0.01209
     2	0.01209
    19	0.01209
    11	0.01209
  1615	0.01209
   144	0.01209
   416	0.01209
    12	0.01209
    29	0.01209
    95	0.01209
   137	0.01209
     3	0.01209
    22	0.01209
    48	0.01209
     2	0.01209
    52	0.01209
    49	0.01209
   165	0.01209
    26	0.01209
    24	0.01209
     5	0.01209
   298	0.01209
    36	0.01209
     2	0.01209
    71	0.01209
    52	0.01209
     2	0.01209
    15	0.01209
   409	0.01209
    31	0.01209
    48	0.01209
   127	0.01209
   190	0.01209
    19	0.01209
   188	0.01209
    22	0.01209
   219	0.01209
    65	0.01209
  1049	0.01209
   192	0.01209
    53	0.01209
    34	0.01209
   277	0.01209
   355	0.01209
    19	0.01209
    24	0.00989
    13	0.00989
    48	0.00989
   766	0.00989
    11	0.00989
    55	0.00989
   231	0.00989
     7	0.00989
    23	0.00989
     2	0.00989
     8	0.00989
   878	0.00989
    34	0.00989
   130	0.00989
    14	0.00989
    64	0.00989
   103	0.00989
   172	0.00989
   292	0.00989
     9	0.00989
     3	0.00989
   139	0.00989
    13	0.00989
    98	0.00989
  1856	0.00989
    10	0.00989
   272	0.00989
    54	0.00989
  1786	0.00989
    26	0.00989
   402	0.00989
     3	0.00989
     7	0.00989
    24	0.00989
   197	0.00989
    31	0.00989
   186	0.00989
   144	0.00989
    32	0.00989
    35	0.00989
    20	0.00989
    60	0.00989
    36	0.00989
   158	0.00989
     6	0.00989
    87	0.00989
    41	0.00989
     9	0.00989
    16	0.00989
    43	0.00989
    25	0.00989
     2	0.00989
    11	0.00989
     2	0.00989
    72	0.00989
    41	0.00989
  1112	0.00989
    11	0.00989
    60	0.00989
    10	0.00989
    19	0.00989
    16	0.00989
   308	0.00989
    93	0.00989
    38	0.00989
   577	0.00989
   288	0.00989
     2	0.00989
   242	0.00989
  2592	0.00989
   139	0.00989
     2	0.00989
     6	0.00989
     7	0.00989
    59	0.00989
    33	0.00989
   703	0.00989
    17	0.00989
   263	0.00989
  1557	0.00989
   214	0.00989
    12	0.00989
    48	0.00989
    67	0.00989
   133	0.00989
   706	0.00989
     6	0.00989
    16	0.00989
   171	0.00989
    28	0.00989
     2	0.00989
     3	0.00989
     2	0.00989
    78	0.00989
   160	0.00989
   316	0.00887
  1158	0.00887
   164	0.00887
    15	0.00887
     6	0.00887
     7	0.00887
    29	0.00887
   124	0.00887
    22	0.00887
   234	0.00887
   455	0.00887
   295	0.00887
    67	0.00887
     2	0.00887
     4	0.00887
   218	0.00887
   248	0.00887
   308	0.00887
   108	0.00887
    32	0.00887
    23	0.00887
     9	0.00887
   667	0.00887
   148	0.00887
     4	0.00887
     9	0.00887
    79	0.00887
   243	0.00887
   416	0.00887
   352	0.00887
     9	0.00887
   175	0.00887
   541	0.00887
    57	0.00887
   647	0.00887
    73	0.00887
   275	0.00887
   494	0.00887
     6	0.00887
    12	0.00887
     2	0.00887
   900	0.00887
     8	0.00887
     6	0.00887
   805	0.00887
    18	0.00887
     2	0.00887
     2	0.00887
   290	0.00887
    62	0.00887
     3	0.00887
   862	0.00887
     3	0.00887
   284	0.00887
     7	0.00887
    26	0.00887
   215	0.00887
    14	0.00887
    13	0.00887
   608	0.00887
   258	0.00887
   358	0.00887
     3	0.00887
    68	0.00887
     4	0.00887
    49	0.00887
   124	0.00887
    13	0.00887
     6	0.00887
   647	0.00887
    32	0.00887
   812	0.00887
   251	0.00887
  2602	0.00887
   618	0.00887
     3	0.00887
     3	0.00887
    31	0.00887
   491	0.00887
    26	0.01011
    34	0.01011
    17	0.01011
   113	0.01011
    51	0.01011
    22	0.01011
     2	0.01011
    11	0.01011
    65	0.01011
    16	0.01011
    67	0.01011
    26	0.01011
    42	0.01011
   205	0.01011
    63	0.01011
    98	0.01011
   170	0.01011
   150	0.01011
    91	0.01011
   248	0.01011
   997	0.01011
    88	0.01011
   650	0.01011
  1240	0.01011
   248	0.01011
  1616	0.01011
    40	0.01011
  4609	0.01011
   685	0.01011
   268	0.01011
     6	0.01011
    25	0.01011
   203	0.01011
    18	0.01011
    83	0.01011
   338	0.01011
    13	0.01011
     2	0.01011
     8	0.01011
    10	0.01011
    25	0.01011
   213	0.01011
    20	0.01011
   725	0.01011
    40	0.01011
   161	0.01011
    46	0.01011
   175	0.01011
    73	0.01011
   610	0.01011
    38	0.01011
   191	0.01011
   351	0.01011
    93	0.01011
   147	0.01011
    93	0.01011
     8	0.01011
    13	0.01011
   111	0.01011
    46	0.01011
    14	0.01011
   184	0.01011
  1075	0.01011
   956	0.01011
   504	0.01011
     2	0.01011
    24	0.01011
   264	0.01011
   179	0.01011
   465	0.00733
   137	0.00733
   314	0.00733
   115	0.00733
    10	0.00733
  2052	0.00733
     4	0.00733
   806	0.00733
   219	0.00733
    36	0.00733
    70	0.00733
   143	0.00733
    27	0.00733
    14	0.00733
    18	0.00733
   167	0.00733
 13656	0.00733
     2	0.00733
  3416	0.00733
   234	0.00733
   251	0.00733
   145	0.00733
   106	0.00733
   285	0.00733
    27	0.00733
   230	0.00733
    87	0.00733
    41	0.00733
    94	0.00733
   883	0.00733
   158	0.00733
     9	0.00733
   212	0.00733
    17	0.00733
    56	0.00733
     4	0.00733
     3	0.00733
   277	0.00733
   822	0.00733
    58	0.00733
   113	0.00733
    69	0.00733
    11	0.00733
   146	0.00733
   557	0.00733
   213	0.00733
   810	0.00733
   518	0.00733
   204	0.00733
  1131	0.00733
  1426	0.00733
    53	0.00733
    92	0.00733
   271	0.00733
    52	0.00733
  3078	0.00733
   135	0.00733
    65	0.00733
     3	0.00733
     5	0.00733
    44	0.00733
   128	0.00733
   729	0.00733
   110	0.00733
    99	0.00733
    70	0.00733
    15	0.00733
   668	0.00733
  8931	0.00733
   187	0.00733
    43	0.00733
    45	0.00733
  1473	0.00733
   119	0.00733
   116	0.00733
    12	0.00733
   448	0.00663
    21	0.00663
   100	0.00663
    31	0.00663
     8	0.00663
   158	0.00663
   777	0.00663
   220	0.00663
   103	0.00663
     7	0.00663
    60	0.00663
    39	0.00663
     8	0.00663
     5	0.00663
   159	0.00663
   125	0.00663
    40	0.00663
     3	0.00663
   486	0.00663
   155	0.00663
    10	0.00663
   267	0.00663
     5	0.00663
    42	0.00663
  5040	0.00663
    61	0.00663
    31	0.00663
   162	0.00663
     3	0.00663
     5	0.00663
   687	0.00663
   315	0.00663
   585	0.00663
    14	0.00663
    40	0.00663
   763	0.00663
    68	0.00663
    14	0.00663
   369	0.00663
    18	0.00663
    38	0.00663
    19	0.00663
    33	0.00663
   472	0.00663
    65	0.00663
   913	0.00663
    17	0.00663
    46	0.00663
   165	0.00663
     2	0.00663
    28	0.00663
     5	0.00663
    23	0.00663
   983	0.00663
    19	0.00663
   156	0.00663
   128	0.00663
   548	0.00663
     7	0.00663
    68	0.00663
   870	0.00663
    12	0.00663
     3	0.00663
    35	0.00663
   182	0.00663
   249	0.00663
    33	0.00671
    52	0.00671
    35	0.00671
    54	0.00671
   183	0.00671
     9	0.00671
   332	0.00671
   985	0.00671
     5	0.00671
    13	0.00671
    13	0.00671
    39	0.00671
   295	0.00671
   413	0.00671
     2	0.00671
     3	0.00671
   525	0.00671
    27	0.00671
    33	0.00671
    81	0.00671
    98	0.00671
    20	0.00671
     3	0.00671
   159	0.00671
    30	0.00671
   292	0.00671
     3	0.00671
    59	0.00671
     6	0.00671
  2093	0.00671
   160	0.00671
    70	0.00671
    35	0.00671
   617	0.00671
   550	0.00671
   143	0.00671
   247	0.00671
    61	0.00671
     4	0.00671
    11	0.00671
    50	0.00671
    99	0.00671
  1523	0.00671
    12	0.00671
     4	0.00671
    97	0.00671
    32	0.00671
  1985	0.00671
   253	0.00671
   133	0.00671
    35	0.00671
   170	0.00671
    29	0.00671
     2	0.00671
     7	0.00671
   192	0.00671
   283	0.00671
    12	0.00671
    51	0.00671
     2	0.00671
   109	0.00671
    13	0.00671
   464	0.00671
    31	0.00671
    45	0.00671
  1014	0.00671
  1163	0.00671
   379	0.00671
    26	0.00671
     2	0.00671
     4	0.00671
    98	0.00671
    15	0.00671
   250	0.00671
   500	0.00671
   245	0.00671
   984	0.00671
  3300	0.00671
   123	0.00671
  1218	0.00671
   281	0.01098
   555	0.01098
   187	0.01098
   203	0.01098
    71	0.01098
   179	0.01098
   139	0.01098
    89	0.01098
    24	0.01098
     8	0.01098
   199	0.01098
     2	0.01098
     2	0.01098
    85	0.01098
   291	0.01098
    14	0.01098
    43	0.01098
   659	0.01098
   154	0.01098
    58	0.01098
     7	0.01098
    80	0.01098
    14	0.01098
  1584	0.01098
   240	0.01098
   103	0.01098
   171	0.01098
   760	0.01098
     8	0.01098
     5	0.01098
    22	0.01098
    92	0.01098
    34	0.01098
     6	0.01098
   822	0.01098
    43	0.01098
   315	0.01098
    19	0.01098
    39	0.01098
    30	0.01098
     5	0.01098
   816	0.01098
     3	0.01098
    40	0.01098
    20	0.01098
   146	0.01098
   795	0.01098
    37	0.01098
    19	0.01098
    33	0.01098
   215	0.01098
     3	0.01098
    62	0.01098
     3	0.01098
     9	0.01098
   108	0.01098
   141	0.01098
   522	0.01098
     2	0.01098
     5	0.01098
  1008	0.01098
    15	0.01098
   136	0.01098
     5	0.01098
   119	0.01098
   658	0.01098
   118	0.01098
   432	0.01098
     9	0.01098
    81	0.01098
   111	0.01098
   161	0.01098
  3483	0.01098
    25	0.01098
   288	0.01098
    22	0.01098
     7	0.01098
    45	0.01098
    18	0.01098
   162	0.01098
   710	0.01098
   625	0.01098
   277	0.01098
   266	0.01098
   222	0.01098
     3	0.01098
    77	0.01098
   923	0.01098
    15	0.01098
    15	0.01098
    24	0.01098
     4	0.01098
    41	0.01098
    97	0.01098
   227	0.01098
     2	0.01098
    22	0.01098
   748	0.00842
   456	0.00842
   368	0.00842
     4	0.00842
  1327	0.00842
   150	0.00842
   988	0.00842
  2804	0.00842
     7	0.00842
    20	0.00842
  1229	0.00842
   218	0.00842
  1023	0.00842
     2	0.00842
    83	0.00842
    27	0.00842
     9	0.00842
    58	0.00842
   179	0.00842
   211	0.00842
   490	0.00842
   111	0.00842
    54	0.00842
    14	0.00842
    48	0.00842
   735	0.00842
     4	0.00842
   265	0.00842
  1648	0.00842
    53	0.00842
   213	0.00842
   971	0.00842
   195	0.00842
     2	0.00842
     7	0.00842
     3	0.00842
   121	0.00842
     4	0.00842
    44	0.00842
   179	0.00842
    81	0.00842
   126	0.00842
   719	0.00842
     5	0.00842
   225	0.00842
     5	0.00842
   113	0.00842
  2093	0.00842
    83	0.00842
   352	0.00842
    88	0.00842
   248	0.00842
    11	0.00842
     3	0.00842
   603	0.00842
    22	0.00842
     8	0.00842
     6	0.00842
    18	0.00842
   751	0.00842
    32	0.00842
     2	0.00842
    38	0.00842
    41	0.00842
    60	0.00842
    25	0.00842
   202	0.00842
    11	0.00842
   280	0.00842
    41	0.00842
   138	0.00842
   894	0.00842
    66	0.00842
   566	0.00842
    15	0.00842
 20154	0.00842
  2998	0.00842
   100	0.00842
   428	0.00842
  3275	0.00842
    26	0.00842
    13	0.00842
    53	0.00842
   201	0.00842
   160	0.00842
   450	0.00842
   766	0.00842
  2182	0.00842
   367	0.00791
     5	0.00791
     3	0.00791
   247	0.00791
   120	0.00791
    15	0.00791
    15	0.00791
    58	0.00791
   100	0.00791
   475	0.00791
    13	0.00791
    63	0.00791
   303	0.00791
     5	0.00791
    88	0.00791
  2750	0.00791
   904	0.00791
   881	0.00791
   162	0.00791
   177	0.00791
   230	0.00791
    22	0.00791
    29	0.00791
    19	0.00791
    33	0.00791
    49	0.00791
    68	0.00791
    31	0.00791
    52	0.00791
    10	0.00791
   247	0.00791
   563	0.00791
   429	0.00791
    14	0.00791
   311	0.00791
    11	0.00791
    39	0.00791
     7	0.00791
    26	0.00791
   156	0.00791
     8	0.00791
   110	0.00791
    71	0.00791
     3	0.00791
    27	0.00791
    22	0.00791
     2	0.00791
    51	0.00791
  1294	0.00791
   297	0.00791
    10	0.00791
   245	0.00791
    19	0.00791
    39	0.00791
   409	0.00791
    21	0.00791
    27	0.00791
  7193	0.00791
   185	0.00791
  1077	0.00791
   134	0.00791
   232	0.00791
   555	0.00791
    26	0.00791
     5	0.00791
   207	0.00791
  2452	0.00791
    95	0.00791
    87	0.00791
    42	0.00791
 10137	0.00791
    27	0.00791
   798	0.00791
    47	0.00791
     2	0.00791
   122	0.00791
    75	0.00791
    24	0.00791
     2	0.00791
  1070	0.00791
    18	0.00791
    65	0.00791
   343	0.00791
     5	0.00960
     2	0.00960
     4	0.00960
   131	0.00960
   318	0.00960
  1430	0.00960
   121	0.00960
    24	0.00960
   310	0.00960
   719	0.00960
   212	0.00960
    88	0.00960
   100	0.00960
   283	0.00960
    20	0.00960
     4	0.00960
    11	0.00960
    21	0.00960
    97	0.00960
    20	0.00960
     3	0.00960
   798	0.00960
   406	0.00960
    48	0.00960
   852	0.00960
     2	0.00960
    24	0.00960
     2	0.00960
    13	0.00960
     2	0.00960
    13	0.00960
     2	0.00960
   107	0.00960
   140	0.00960
    52	0.00960
    53	0.00960
     6	0.00960
     2	0.00960
    41	0.00960
    27	0.00960
    10	0.00960
   180	0.00960
    11	0.00960
   297	0.00960
   758	0.00960
    77	0.00960
   111	0.00960
   112	0.00960
   238	0.00960
    53	0.00960
   147	0.00960
     3	0.00960
    44	0.00960
    22	0.00960
    11	0.00960
    10	0.00960
    35	0.00960
     7	0.00960
   183	0.00960
     6	0.01170
    14	0.01170
     8	0.01170
   474	0.01170
   202	0.01170
     5	0.01170
   306	0.01170
    49	0.01170
     4	0.01170
     4	0.01170
   245	0.01170
   848	0.01170
   116	0.01170
   208	0.01170
     6	0.01170
    64	0.01170
    38	0.01170
  1757	0.01170
   986	0.01170
    14	0.01170
   898	0.01170
  1302	0.01170
   453	0.01170
    10	0.01170
     2	0.01170
    11	0.01170
    42	0.01170
    10	0.01170
    16	0.01170
   234	0.01170
    40	0.01170
   188	0.01170
   725	0.01170
   443	0.01170
    12	0.01170
    96	0.01170
   224	0.01170
    85	0.01170
   434	0.01170
     4	0.01170
    25	0.01170
     8	0.01170
   139	0.01170
  5070	0.01170
   135	0.01170
     7	0.01170
    71	0.01170
   106	0.01170
   766	0.01170
     3	0.01170
    25	0.01170
    32	0.01746
   186	0.01746
   337	0.01746
    40	0.01746
   167	0.01746
   201	0.01746
    37	0.01746
    48	0.01746
    51	0.01746
    30	0.01746
    83	0.01746
    53	0.01746
    19	0.01746
    88	0.01746
  1096	0.01746
   152	0.01746
    14	0.01746
    22	0.01746
   119	0.01746
   293	0.01746
    55	0.01746
    14	0.01746
     6	0.01746
   117	0.01746
    58	0.01746
     4	0.01746
   291	0.01746
   129	0.01746
     2	0.01746
     2	0.01746
    13	0.01746
   263	0.01055
    32	0.01055
    17	0.01055
    21	0.01055
    44	0.01055
   827	0.01055
   198	0.01055
   146	0.01055
    32	0.01055
   133	0.01055
    56	0.01055
    11	0.01055
    44	0.01055
     5	0.01055
     5	0.01055
    30	0.01055
    25	0.01055
   500	0.01055
    17	0.01055
    31	0.01055
     2	0.01055
    85	0.01055
    25	0.01055
    80	0.01055
    90	0.01055
    36	0.01055
     8	0.01055
    75	0.01055
  4142	0.01055
     4	0.01055
   237	0.01055
   429	0.01055
    93	0.01055
    28	0.01055
     2	0.01055
   534	0.01055
     2	0.01055
   196	0.01055
   353	0.01055
   182	0.01055
   405	0.01055
    99	0.01055
     7	0.01055
    17	0.01055
   130	0.01055
    87	0.01055
    22	0.01055
   130	0.01055
  1835	0.01055
   235	0.01055
    46	0.01055
     2	0.01055
   197	0.01055
   529	0.01055
  2071	0.01055
   158	0.01055
    40	0.01055
   293	0.01055
   136	0.01055
   324	0.01055
  1317	0.01055
   796	0.01055
  1522	0.01055
     5	0.01055
    33	0.01055
    44	0.01055
    32	0.01055
    82	0.01055
   102	0.01055
   104	0.01055
     2	0.01055
    26	0.01055
     8	0.01055
    13	0.01055
    12	0.01055
   662	0.01055
    33	0.01055
    50	0.01055
     4	0.01055
   806	0.01055
    15	0.01055
  1338	0.01055
   4313636
   25
