 284
    12	0.01588
    25	0.01588
    22	0.01588
    17	0.01588
   177	0.01588
     7	0.01588
    21	0.01588
  1664	0.01588
     3	0.01588
   266	0.01588
    11	0.01588
    19	0.01588
     4	0.01588
     7	0.01588
    11	0.01588
    28	0.01588
    29	0.01588
    52	0.01588
   292	0.01588
    36	0.01588
    86	0.01588
     3	0.01588
   112	0.01588
    14	0.01588
    11	0.01588
    85	0.01588
   462	0.01588
    50	0.01588
    16	0.01588
   232	0.01588
   124	0.01588
     2	0.01588
   441	0.01588
    11	0.01588
    46	0.01588
     7	0.01588
    13	0.01588
     6	0.01588
    19	0.01588
     2	0.01588
    63	0.01588
   245	0.01588
     4	0.01588
  1093	0.01588
   231	0.01588
    22	0.01588
   109	0.01776
    19	0.01776
    91	0.01776
     2	0.01776
     8	0.01776
    26	0.01776
     2	0.01776
    55	0.01776
   312	0.01776
   552	0.01776
   245	0.01776
     8	0.01776
     5	0.01776
    15	0.01776
     9	0.01776
   294	0.01776
  1954	0.01776
   379	0.01776
    25	0.01776
    25	0.01776
   155	0.01776
    96	0.01776
    59	0.01776
   428	0.01776
   609	0.01776
     2	0.01776
    26	0.01776
    38	0.01776
     3	0.01776
   738	0.01776
     2	0.01776
    16	0.01776
     2	0.01776
    28	0.01776
     2	0.01776
     5	0.01776
     2	0.01776
     6	0.01776
    45	0.01776
   265	0.01776
   357	0.01776
    60	0.01776
   237	0.01776
    22	0.01776
    44	0.01776
     2	0.01776
    11	0.01776
     2	0.01776
    89	0.01776
     2	0.01776
    11	0.01776
    50	0.01776
    32	0.01776
     2	0.01776
     2	0.01776
    40	0.01776
    16	0.01776
    10	0.01776
     9	0.01776
    59	0.01776
     3	0.01776
   140	0.01341
     6	0.01341
    25	0.01341
    21	0.01341
     2	0.01341
    47	0.01341
    19	0.01341
    57	0.01341
   107	0.01341
  1164	0.01341
    53	0.01341
    52	0.01341
     6	0.01341
     4	0.01341
   161	0.01341
     4	0.01341
   167	0.01341
   306	0.01341
   238	0.01341
   224	0.01341
   122	0.01341
   361	0.01341
    95	0.01341
    42	0.01341
    24	0.01341
    25	0.01341
    23	0.01341
    32	0.01341
   193	0.01341
    52	0.01341
    48	0.01341
    58	0.01341
   136	0.01341
    65	0.01341
    72	0.01341
   610	0.01341
    40	0.01341
   109	0.01341
   202	0.01341
   173	0.01341
     7	0.01341
    15	0.01341
    26	0.01341
    96	0.01341
    44	0.01341
    58	0.01341
    77	0.01341
     8	0.01341
     4	0.01341
  1163	0.01341
  1604	0.01341
   399	0.01341
    19	0.01341
   382	0.01341
   527	0.01341
    19	0.01341
    22	0.01341
   483	0.01341
  1349	0.01341
  3793	0.01341
   234	0.00894
     4	0.00894
    14	0.00894
    33	0.00894
  3994	0.00894
    72	0.00894
    40	0.00894
    61	0.00894
    40	0.00894
     3	0.00894
   648	0.00894
   266	0.00894
   913	0.00894
    77	0.00894
   484	0.00894
     7	0.00894
    55	0.00894
   138	0.00894
   176	0.00894
     7	0.00894
   232	0.00894
    80	0.00894
     5	0.00894
    91	0.00894
    19	0.00894
     5	0.00894
  1152	0.00894
   237	0.00894
     8	0.00894
   222	0.00894
     7	0.00894
   139	0.00894
  1092	0.00894
    62	0.00894
   176	0.00894
  2357	0.00894
   799	0.00894
  1518	0.00894
   871	0.00894
   193	0.00894
    52	0.00894
    79	0.00894
    13	0.00894
    47	0.00894
    13	0.00894
   292	0.00894
  1088	0.00894
    37	0.00894
     2	0.00894
    17	0.00894
   228	0.00894
    19	0.00894
    23	0.00894
   136	0.00894
  1286	0.00894
   349	0.00894
  1103	0.00894
    97	0.00894
   240	0.00894
     5	0.00894
   280	0.00894
    29	0.00894
    71	0.00894
   169	0.00894
   378	0.01564
  7378	0.01564
   217	0.01564
   821	0.01564
   107	0.01564
   135	0.01564
    85	0.01564
    35	0.01564
   122	0.01564
   643	0.01564
  1099	0.01564
   397	0.01564
     2	0.01564
   388	0.01564
    86	0.01564
   554	0.01564
   169	0.01564
   101	0.01564
   295	0.01564
   590	0.01564
   190	0.01564
   174	0.01564
  8285	0.01564
  1078	0.01564
    10	0.01564
    90	0.01564
   230	0.01564
   778	0.01564
    63	0.01564
  1532	0.01564
    32	0.01564
   310	0.01564
   667	0.01564
  1225	0.01564
  5434	0.01564
   350	0.01564
  1187	0.01564
   536	0.01564
     5	0.01564
   370	0.01564
    91	0.01564
   151	0.01564
   585	0.01564
   753	0.01564
    36	0.01564
    97	0.01564
    12	0.01564
  3905	0.01564
  2968	0.01564
   861	0.01564
  2587	0.01564
   256	0.01564
    29	0.01564
   1208621
   17
