 345
   692	0.00971
    99	0.00971
   209	0.00971
    25	0.00971
   247	0.00971
   453	0.00971
   113	0.00971
  1219	0.00971
   121	0.00971
  1366	0.00971
  1743	0.00971
   102	0.00971
   233	0.00971
    81	0.00971
    24	0.00971
     6	0.00971
     2	0.00971
   162	0.00971
   113	0.00971
   200	0.00971
   115	0.00971
    36	0.00971
  1694	0.00971
    51	0.00971
    30	0.00971
  1838	0.00971
    12	0.00971
     9	0.00971
   426	0.00971
  9214	0.00971
    49	0.00971
    15	0.00971
   155	0.00971
    44	0.00971
   229	0.00971
    71	0.00971
    11	0.00971
    98	0.00971
  2377	0.00971
    13	0.00971
    21	0.00971
     3	0.00971
   562	0.00971
    19	0.00971
   151	0.00971
    94	0.00971
   446	0.00971
    15	0.00971
    47	0.00971
    30	0.00971
     2	0.00971
   134	0.01144
     8	0.01144
    30	0.01144
    65	0.01144
     2	0.01144
     4	0.01144
     3	0.01144
    62	0.01144
     5	0.01144
    29	0.01144
    14	0.01144
    31	0.01144
  1150	0.01144
  1378	0.01144
   504	0.01144
   845	0.01144
   229	0.01144
    55	0.01144
    36	0.01144
  2389	0.01144
    84	0.01144
     8	0.01144
     7	0.01144
   109	0.01144
     3	0.01144
     3	0.01144
   680	0.01144
    34	0.01144
   355	0.01144
    35	0.01144
     6	0.01144
   179	0.01144
    48	0.01144
   124	0.01144
     2	0.01144
    21	0.01144
   666	0.01144
   700	0.01144
     3	0.01144
   318	0.01144
    26	0.01144
  1310	0.01144
    67	0.01144
    49	0.01144
   241	0.01144
    68	0.01144
   604	0.01144
    16	0.01144
    10	0.01144
   246	0.01144
   265	0.01144
   117	0.01144
    28	0.01144
   396	0.01144
   173	0.01144
  2752	0.01144
   754	0.01144
  1798	0.01144
   977	0.01144
    53	0.01144
   334	0.01144
   116	0.01144
   110	0.01144
    30	0.01144
    37	0.01144
    50	0.01144
   334	0.01144
   143	0.01144
    22	0.01144
    17	0.01144
   948	0.01144
   477	0.01144
   194	0.01144
   469	0.01144
    70	0.01144
    25	0.01144
   285	0.01144
   138	0.01144
    45	0.01144
   226	0.01144
    36	0.01144
    21	0.01144
   111	0.01144
    48	0.01144
     3	0.01144
    18	0.01144
    52	0.01144
   166	0.01144
   200	0.01144
    42	0.01144
   109	0.01144
    16	0.01144
    40	0.01144
    82	0.01144
   189	0.01144
     5	0.01144
    61	0.01144
   118	0.01144
     4	0.01144
    76	0.01144
    13	0.01144
     4	0.01144
   374	0.00937
   425	0.00937
    32	0.00937
  2840	0.00937
   887	0.00937
   680	0.00937
   332	0.00937
     5	0.00937
    37	0.00937
    88	0.00937
   498	0.00937
   599	0.00937
   337	0.00937
   790	0.00937
     9	0.00937
    16	0.00937
    74	0.00937
   350	0.00937
     8	0.00937
     3	0.00937
  1306	0.00937
  1050	0.00937
    79	0.00937
     3	0.00937
    93	0.00937
     8	0.00937
   434	0.00937
  1846	0.00937
   748	0.00937
   180	0.00937
     2	0.00937
    38	0.00937
   101	0.00937
   193	0.00937
  2278	0.00937
   107	0.00937
  1204	0.00937
   161	0.00937
   222	0.00937
    21	0.00867
   202	0.00867
    78	0.00867
     8	0.00867
     7	0.00867
     5	0.00867
    58	0.00867
   100	0.00867
   358	0.00867
     5	0.00867
   808	0.00867
    25	0.00867
    15	0.00867
    15	0.00867
    73	0.00867
    33	0.00867
     5	0.00867
     5	0.00867
    17	0.00867
  3230	0.00867
     2	0.00867
    98	0.00867
    18	0.00867
     9	0.00867
   237	0.00867
    51	0.00867
     6	0.00867
    13	0.00867
     5	0.00867
     4	0.00867
     5	0.00867
   383	0.00867
   933	0.00867
    26	0.00867
    28	0.00867
   205	0.00867
     5	0.00867
   469	0.00867
    40	0.00867
    16	0.00867
    10	0.00867
   263	0.00867
    18	0.00867
    66	0.00867
     2	0.00867
     2	0.00867
    22	0.00867
    93	0.00867
   782	0.00867
    16	0.00867
  1412	0.00867
   181	0.00867
    12	0.00867
     6	0.00867
   862	0.00867
   335	0.00867
     5	0.00867
     5	0.00867
    28	0.00867
    39	0.00867
  1294	0.00867
     2	0.00867
    23	0.00867
   645	0.00867
     3	0.00867
     4	0.00867
    35	0.00892
   224	0.00892
   336	0.00892
  1489	0.00892
    32	0.00892
   762	0.00892
    60	0.00892
   292	0.00892
     2	0.00892
    12	0.00892
   253	0.00892
    72	0.00892
    53	0.00892
     4	0.00892
    19	0.00892
    49	0.00892
    38	0.00892
   385	0.00892
   395	0.00892
   317	0.00892
  2479	0.00892
  1361	0.00892
   798	0.00892
    90	0.00892
   954	0.00892
    37	0.00892
   598	0.00892
    11	0.00892
    10	0.00892
     4	0.00892
    13	0.00892
     8	0.00892
   251	0.00892
     2	0.00892
   179	0.00892
    69	0.00892
    19	0.00892
     3	0.00892
   174	0.00892
   126	0.00892
   542	0.00892
   176	0.00892
    57	0.00892
   307	0.00892
    72	0.00892
   190	0.00892
    90	0.00892
     5	0.00892
   426	0.00892
   356	0.00892
   130	0.00892
   127	0.00892
     2	0.00892
   498	0.00892
   424	0.00892
    81	0.00892
   172	0.00892
   255	0.00892
    36	0.00892
   529	0.00892
   112	0.00892
   240	0.00892
  2408	0.00892
    59	0.00892
    52	0.00892
     9	0.00892
   195	0.00892
     2	0.00892
   363	0.00892
    65	0.00892
     2	0.00892
   793	0.00892
   116	0.00892
   107	0.00892
   117	0.00892
   165	0.00892
    14	0.00892
   284	0.00892
   853	0.00892
    40	0.00892
    11	0.00892
   370	0.00892
   195	0.00892
    16	0.00892
   730	0.00892
   448	0.00892
     5	0.00892
   1495096
   17
