 779
   297	0.01023
    52	0.01023
   148	0.01023
   409	0.01023
     2	0.01023
   691	0.01023
    13	0.01023
    19	0.01023
    35	0.01023
     5	0.01023
   129	0.01023
   142	0.01023
    52	0.01023
     5	0.01023
   440	0.01023
    22	0.01023
   503	0.01023
   241	0.01023
    98	0.01023
    39	0.01023
    23	0.01023
    16	0.01023
    38	0.01023
   249	0.01023
    35	0.01023
   445	0.01023
     2	0.01023
     8	0.01023
     4	0.01023
   451	0.01023
   156	0.01023
    14	0.01023
   631	0.01023
    43	0.01023
   414	0.01023
   198	0.01023
   399	0.01023
    69	0.01023
   187	0.01023
    76	0.01023
    19	0.01023
     4	0.01023
  1618	0.01023
     2	0.01023
   160	0.01023
    10	0.01023
    58	0.01023
    26	0.01023
   271	0.01023
     8	0.01023
    10	0.01023
     3	0.01023
   502	0.01023
    15	0.01023
   116	0.01023
    48	0.01023
    81	0.01023
   357	0.01023
   560	0.01023
  2245	0.01023
    33	0.01023
    77	0.01023
   115	0.01023
     3	0.01023
     9	0.01023
     6	0.01023
   199	0.01023
     5	0.01023
     2	0.01023
    39	0.01023
   446	0.01023
    68	0.01023
    34	0.01023
  3718	0.01023
   139	0.01023
     8	0.01023
    33	0.01023
    54	0.01023
    62	0.01023
    51	0.01023
   809	0.01023
    61	0.01023
   737	0.01023
    44	0.01023
   107	0.01023
     3	0.01023
   143	0.00817
   352	0.00817
   241	0.00817
     2	0.00817
    94	0.00817
     3	0.00817
   370	0.00817
   782	0.00817
    25	0.00817
    84	0.00817
  2784	0.00817
  2023	0.00817
     6	0.00817
  1712	0.00817
   246	0.00817
  3956	0.00817
   110	0.00817
    86	0.00817
  1469	0.00817
    10	0.00817
    78	0.00817
   157	0.00817
  1444	0.00817
   350	0.00817
     4	0.00817
  1620	0.00817
    39	0.00817
    84	0.00817
     2	0.00817
   946	0.00817
    15	0.00817
    28	0.00817
   227	0.00817
   174	0.00817
    22	0.00817
    23	0.00817
    48	0.00817
    15	0.00817
    94	0.00817
     4	0.00817
   141	0.00817
   369	0.00817
   109	0.00817
     4	0.00817
    15	0.00817
   108	0.00817
   330	0.00817
   827	0.00817
    25	0.00817
   831	0.00817
   248	0.01028
   153	0.01028
    56	0.01028
   768	0.01028
    34	0.01028
   184	0.01028
    92	0.01028
    84	0.01028
   293	0.01028
    29	0.01028
     2	0.01028
    37	0.01028
    28	0.01028
    49	0.01028
    18	0.01028
   157	0.01028
     6	0.01028
   402	0.01028
   775	0.01028
    85	0.01028
    21	0.01028
   387	0.01028
   124	0.01028
     5	0.01028
    21	0.01028
     4	0.01028
   222	0.01028
   122	0.01028
     5	0.01028
   129	0.01028
    30	0.01028
   739	0.01028
     4	0.01028
   355	0.01028
   257	0.01028
    77	0.01028
   171	0.01028
   715	0.01028
   188	0.01028
    22	0.01028
   245	0.01028
    51	0.01028
   243	0.01028
     3	0.01028
   155	0.01028
     6	0.01028
   197	0.01028
    14	0.01028
     5	0.01028
    45	0.01028
     7	0.01028
     3	0.01028
   300	0.01028
   296	0.01028
    31	0.01028
    35	0.01028
    44	0.01028
   240	0.01028
     4	0.01028
    55	0.01028
    47	0.01028
    24	0.01028
    40	0.01028
   147	0.01028
     9	0.01028
   755	0.01028
    65	0.01028
    33	0.01028
   133	0.01028
    23	0.01028
     2	0.01028
     8	0.01028
     3	0.01028
     3	0.01028
    14	0.01028
     5	0.01028
   651	0.01028
     4	0.01102
   178	0.01102
    60	0.01102
    44	0.01102
     7	0.01102
     2	0.01102
     3	0.01102
    35	0.01102
   306	0.01102
    10	0.01102
   194	0.01102
    74	0.01102
     9	0.01102
     2	0.01102
    13	0.01102
   537	0.01102
   152	0.01102
   132	0.01102
   881	0.01102
   559	0.01102
    53	0.01102
   541	0.01102
   270	0.01102
    22	0.01102
     3	0.01102
    10	0.01102
    51	0.01102
    55	0.01102
    22	0.01102
   381	0.01102
     3	0.01102
   151	0.01102
     2	0.01102
     7	0.01102
    57	0.01102
    97	0.01102
  1212	0.01102
    12	0.01102
    12	0.01102
   414	0.01102
    34	0.01102
   134	0.01102
   118	0.01102
    31	0.01102
    14	0.01102
    34	0.01102
     5	0.01102
   620	0.01102
   835	0.01102
    83	0.01102
    31	0.01102
    46	0.01102
   177	0.01102
   318	0.01102
     5	0.01102
     2	0.01102
    27	0.01102
   123	0.01102
    78	0.01102
    40	0.01102
     7	0.01102
   293	0.01102
   125	0.01102
    41	0.01102
   135	0.01102
    39	0.01102
   169	0.01102
    96	0.01102
    49	0.01102
   444	0.01102
    35	0.01102
   267	0.01102
     2	0.01102
    81	0.01102
   618	0.01102
    71	0.01102
   105	0.01102
    17	0.01102
   141	0.01102
   958	0.01102
  1366	0.01102
   208	0.01102
     7	0.01102
    37	0.01102
    14	0.01102
     6	0.01102
   317	0.01102
   119	0.01102
    86	0.01102
    76	0.01102
    10	0.01102
   110	0.01102
     5	0.01102
    42	0.01102
   494	0.01102
    87	0.01102
    65	0.01102
   307	0.01102
   113	0.01102
   371	0.01102
    50	0.01102
     8	0.01102
   328	0.01102
    36	0.01102
    71	0.01102
    54	0.01102
    84	0.01102
    34	0.01102
   145	0.01102
   382	0.01102
    49	0.01102
   127	0.01102
    46	0.01102
     2	0.01102
     8	0.01102
    17	0.01102
     7	0.01102
    13	0.01102
    31	0.01102
    10	0.01102
   236	0.01102
    97	0.01102
   133	0.01102
   588	0.01102
    15	0.01102
   100	0.01102
   525	0.01102
   400	0.01102
    95	0.01102
   298	0.01102
   537	0.01102
   124	0.01102
    41	0.01102
   307	0.01102
    33	0.01102
   600	0.01102
   397	0.01102
    66	0.01102
   186	0.01102
   262	0.01102
     7	0.01214
     2	0.01214
     7	0.01214
   232	0.01214
     2	0.01214
    13	0.01214
   256	0.01214
   172	0.01214
    12	0.01214
    73	0.01214
     7	0.01214
    88	0.01214
   101	0.01214
    37	0.01214
    55	0.01214
    30	0.01214
    41	0.01214
    23	0.01214
    81	0.01214
    53	0.01214
     2	0.01214
    11	0.01214
   562	0.01214
     5	0.01214
    30	0.01214
     8	0.01214
    12	0.01214
   110	0.01214
    10	0.01214
   110	0.01214
   318	0.01214
   435	0.01214
    25	0.01214
     5	0.01214
    67	0.01214
   159	0.01214
   249	0.01214
    18	0.01214
    74	0.01214
    17	0.01214
    26	0.01214
    33	0.01214
   629	0.01214
    25	0.01214
   572	0.01214
    46	0.01214
   189	0.01214
     3	0.01214
    98	0.01214
   121	0.01214
     5	0.01214
    11	0.01214
    12	0.01214
    28	0.01214
    36	0.01214
    40	0.01214
   139	0.01214
   845	0.01214
    53	0.01214
    24	0.01214
     9	0.01214
   306	0.01214
   212	0.01214
   124	0.01214
   116	0.01214
   209	0.01214
    36	0.01214
    76	0.01214
    20	0.01214
   173	0.01214
    94	0.01214
   335	0.01214
    38	0.01214
    14	0.01214
   267	0.01214
   426	0.01214
   197	0.01214
   154	0.01214
   513	0.01214
   463	0.01214
    63	0.01214
    46	0.01214
   604	0.01214
   132	0.01214
    71	0.01214
   223	0.01214
    38	0.01214
    58	0.01214
   218	0.01214
   268	0.01214
     4	0.01214
     2	0.01214
   161	0.01214
     3	0.01214
   394	0.01214
    58	0.01214
   155	0.01214
    89	0.01214
   295	0.01214
   276	0.01214
    69	0.01214
  1041	0.01214
    93	0.01214
     4	0.01214
     7	0.01214
    56	0.01214
    37	0.01214
    15	0.01214
    58	0.01214
   150	0.01214
   784	0.01214
     3	0.01214
    16	0.01214
     2	0.01214
   438	0.00787
   118	0.00787
     3	0.00787
   250	0.00787
   139	0.00787
     5	0.00787
   406	0.00787
   388	0.00787
   179	0.00787
    49	0.00787
     5	0.00787
    55	0.00787
    21	0.00787
    57	0.00787
   421	0.00787
   170	0.00787
    23	0.00787
    33	0.00787
   924	0.00787
   236	0.00787
   236	0.00787
    45	0.00787
    27	0.00787
    84	0.00787
     5	0.00787
    37	0.00787
   357	0.00787
   285	0.00787
   425	0.00787
     9	0.00787
    68	0.00787
   159	0.00787
  5147	0.00787
   496	0.00787
   126	0.00787
     7	0.00787
    35	0.00787
    15	0.00787
    23	0.00787
    22	0.00787
    13	0.00787
    40	0.00787
   733	0.00787
     8	0.00787
  1036	0.00787
     9	0.00916
     7	0.00916
     3	0.00916
   178	0.00916
     3	0.00916
    23	0.00916
    17	0.00916
   201	0.00916
   556	0.00916
   500	0.00916
   103	0.00916
    22	0.00916
     2	0.00916
     2	0.00916
     4	0.00916
    10	0.00916
   912	0.00916
    47	0.00916
   104	0.00916
   173	0.00916
  1089	0.00916
    43	0.00916
    49	0.00916
  2538	0.00916
     4	0.00916
   120	0.00916
     7	0.00916
    36	0.00916
  3493	0.00916
     3	0.00916
    55	0.00916
  1494	0.00916
   458	0.00916
   422	0.00916
  2299	0.00916
     3	0.00916
   176	0.00916
   251	0.00916
  1008	0.00916
    10	0.00916
     2	0.00916
     3	0.00916
   336	0.00916
    64	0.00916
    15	0.01043
   545	0.01043
    45	0.01043
   142	0.01043
    64	0.01043
    17	0.01043
    21	0.01043
   173	0.01043
   238	0.01043
   146	0.01043
    54	0.01043
    20	0.01043
   275	0.01043
   275	0.01043
    16	0.01043
  1088	0.01043
    10	0.01043
     2	0.01043
     3	0.01043
   154	0.01043
    74	0.01043
    78	0.01043
     7	0.01043
   396	0.01043
    82	0.01043
    69	0.01043
    94	0.01043
     2	0.01043
    23	0.01043
    37	0.01043
    14	0.01043
    44	0.01043
   159	0.01043
    10	0.01043
  1195	0.01043
    16	0.01371
    46	0.01371
   185	0.01371
   125	0.01371
  1544	0.01371
   263	0.01371
   354	0.01371
    60	0.01371
    68	0.01371
     8	0.01371
   157	0.01371
    44	0.01371
   110	0.01371
     4	0.01371
    28	0.01371
    47	0.01371
    49	0.01371
    28	0.01371
    67	0.01371
   177	0.01371
    31	0.01371
    76	0.01371
    53	0.01371
    74	0.01371
    28	0.01371
    13	0.01371
    36	0.01371
    17	0.01371
     6	0.01371
   313	0.01371
     9	0.01371
   478	0.01371
    38	0.01371
     3	0.01371
   196	0.01204
    94	0.01204
   531	0.01204
    10	0.01204
    86	0.01204
    23	0.01204
    10	0.01204
   608	0.01204
    19	0.01204
     4	0.01204
  1283	0.01204
   356	0.01204
    66	0.01204
   590	0.01204
     5	0.01204
   100	0.01204
   162	0.01204
     3	0.01204
   147	0.01204
   350	0.01204
    11	0.01204
    30	0.01204
   108	0.01204
   163	0.01204
     2	0.01204
    27	0.01204
  1141	0.01204
    22	0.01204
   149	0.01204
  1262	0.01204
    68	0.01204
     2	0.01204
  1397	0.01204
    36	0.00963
  1080	0.00963
   139	0.00963
    20	0.00963
   105	0.00963
     6	0.00963
    11	0.00963
   410	0.00963
   164	0.00963
     4	0.00963
     8	0.00963
   195	0.00963
   112	0.00963
   595	0.00963
    11	0.00963
   118	0.00963
   997	0.00963
  1812	0.00963
  1461	0.00963
     4	0.00963
     6	0.00963
   677	0.00963
   281	0.00963
   489	0.00963
   193	0.00963
     8	0.00963
   683	0.00963
  1963	0.00963
  1133	0.00963
    30	0.00963
   241	0.00963
     6	0.00963
   710	0.00963
     5	0.00963
    16	0.00963
  1281	0.00963
   100	0.00963
    22	0.00963
    10	0.00963
   339	0.00963
    26	0.00963
   111	0.00963
     2	0.00963
    18	0.00963
    24	0.00963
   178	0.00963
     5	0.00963
   153	0.00963
    67	0.00963
    47	0.00963
    10	0.00963
     3	0.00963
   499	0.01198
    28	0.01198
   294	0.01198
     2	0.01198
     3	0.01198
   285	0.01198
   442	0.01198
   206	0.01198
    23	0.01198
   172	0.01198
   138	0.01198
   201	0.01198
  1111	0.01198
     4	0.01198
   448	0.01198
  1381	0.01198
  2320	0.01198
   328	0.01198
    82	0.01198
    36	0.01198
    27	0.01198
   166	0.01198
   351	0.01198
   198	0.01198
     4	0.01198
     2	0.01198
   223	0.01198
    57	0.01198
   133	0.01198
    45	0.01198
   876	0.01198
   444	0.01198
   176	0.01198
   400	0.01198
    53	0.01198
     9	0.01198
   355	0.01198
    19	0.01198
   110	0.01198
   238	0.01198
    65	0.01198
    24	0.01198
  1341	0.01198
    49	0.01198
   108	0.01198
     6	0.01198
   752	0.01198
  1374	0.01198
    32	0.01198
    19	0.01198
   128	0.01198
    63	0.01198
    15	0.01198
    28	0.01198
  1524	0.01198
    58	0.01198
    59	0.01198
   310	0.01198
   282	0.01198
   334	0.01198
     8	0.01198
   104	0.01198
    29	0.01198
   390	0.01198
    20	0.01198
   414	0.01198
   850	0.01198
     8	0.01198
   269	0.01198
   3314151
   18
