 186
    70	0.00939
   479	0.00939
    38	0.00939
    16	0.00939
   769	0.00939
   130	0.00939
   253	0.00939
    82	0.00939
    52	0.00939
   280	0.00939
     7	0.00939
   163	0.00939
   100	0.00939
    29	0.00939
     7	0.00939
   111	0.00939
    81	0.00939
    49	0.00939
   690	0.00939
   501	0.00939
    62	0.00939
   246	0.00939
    11	0.00939
    36	0.00939
   111	0.00939
   393	0.00939
    96	0.00939
  4039	0.00939
    97	0.00939
    33	0.00939
    86	0.00939
    50	0.00939
   145	0.00939
    54	0.01434
    29	0.01434
   311	0.01434
    44	0.01434
   349	0.01434
   128	0.01434
    27	0.01434
    90	0.01434
    93	0.01434
   394	0.01434
  1008	0.01434
    16	0.01434
   405	0.01434
   132	0.01434
   156	0.01434
    37	0.01434
   397	0.01434
   279	0.01434
    25	0.01434
    23	0.01434
    98	0.01434
   215	0.01434
  1139	0.01434
    25	0.01434
   414	0.01434
     8	0.01434
   883	0.01434
    62	0.01434
   114	0.01434
   661	0.01434
   503	0.01434
   804	0.01434
     4	0.01434
   116	0.01434
    70	0.01434
    11	0.01434
     3	0.01434
   254	0.01434
   191	0.01434
   666	0.01434
   133	0.01434
    95	0.01434
     2	0.01434
    43	0.01434
   106	0.01434
    15	0.01434
    92	0.01080
   627	0.01080
   255	0.01080
   118	0.01080
   275	0.01080
   108	0.01080
   309	0.01080
     9	0.01080
   237	0.01080
     9	0.01080
   444	0.01080
   733	0.01080
    37	0.01080
   176	0.01080
     5	0.01080
   126	0.01080
   258	0.01080
    51	0.01080
   202	0.01080
  1273	0.01080
   849	0.01080
  2273	0.01080
  1035	0.01080
    41	0.01080
   130	0.01080
    90	0.01080
     5	0.01080
   568	0.01080
    51	0.01080
   187	0.01080
   151	0.01080
   370	0.01080
   240	0.01080
  2273	0.01080
     3	0.01080
   385	0.01080
   892	0.01080
  1132	0.01080
     9	0.01080
   173	0.01080
    25	0.01080
   277	0.01080
  1329	0.01080
    51	0.01080
     6	0.01080
     7	0.01080
   174	0.01080
    19	0.01080
    65	0.01080
    70	0.01080
   474	0.01080
   167	0.01080
   696	0.01080
    16	0.01080
    19	0.01080
    28	0.01080
    65	0.01080
    74	0.01080
    42	0.01080
   104	0.01080
   115	0.01080
    23	0.01080
   196	0.01080
   110	0.01080
  1018	0.01080
    40	0.01080
    47	0.01080
    18	0.01080
    52	0.01080
   740	0.01080
    85	0.01080
  4507	0.01080
     8	0.01080
   302	0.01080
   327	0.01080
   373	0.01080
     3	0.01080
   722	0.01080
    10	0.01080
     2	0.01080
   756	0.01080
    16	0.01080
   109	0.01080
    23	0.01080
    60	0.01080
   206	0.01080
    83	0.01080
  1037	0.01080
   368	0.01080
    37	0.01080
   194	0.01080
   587	0.01080
    13	0.01080
    13	0.01080
   984	0.01080
  1739	0.01080
   150	0.01080
    17	0.01080
    11	0.01080
   241	0.01080
   363	0.01080
   323	0.01080
     9	0.01080
   179	0.01080
   106	0.01080
  2042	0.01080
  1009	0.01080
    876941
   19
