  56
   528	0.00289
   764	0.00289
  1539	0.00289
   795	0.00289
   100	0.00289
   738	0.00289
    86	0.00289
  1291	0.00289
  2792	0.00289
  2538	0.00289
  1102	0.00289
  3291	0.00289
  3861	0.00289
  3020	0.00289
  4251	0.00289
  4919	0.00289
   208	0.00289
   806	0.00289
  1855	0.00289
    12	0.00289
     3	0.00289
  8157	0.00289
  3893	0.00289
   996	0.00289
   596	0.00289
  2557	0.00289
  1509	0.00289
  4914	0.00289
  6609	0.00289
   928	0.00289
  1708	0.00289
   248	0.00289
  1092	0.00289
  2215	0.00289
  3199	0.00289
   741	0.00289
    29	0.00289
    32	0.00289
   110	0.00289
   305	0.00289
  1162	0.00289
   265	0.00289
  3901	0.00289
   160	0.00289
   752	0.00289
   246	0.00289
  2774	0.00289
  1776	0.00289
  6110	0.00289
  5523	0.00289
  1479	0.00289
  2420	0.00289
   475	0.00289
   919	0.00289
  2052	0.00289
  2545	0.00289
    182266
   18
