 363
    90	0.01582
    66	0.01582
    24	0.01582
     2	0.01582
   215	0.01582
   277	0.01582
     7	0.01582
    15	0.01582
     3	0.01582
    12	0.01582
     4	0.01582
    54	0.01582
    16	0.01582
    12	0.01582
    30	0.01582
  1411	0.01582
    13	0.01582
  3328	0.01582
     3	0.01582
     9	0.01582
    10	0.01582
    10	0.01582
  2757	0.01582
   304	0.01582
    45	0.01582
    11	0.01582
   151	0.01582
    70	0.01582
     4	0.01582
     9	0.01582
     7	0.01582
    96	0.01582
   414	0.01582
   277	0.01582
     2	0.01582
   110	0.01582
     6	0.01582
     5	0.01582
   584	0.01582
     2	0.01582
   235	0.01582
  1525	0.01582
   153	0.01582
    89	0.01582
     4	0.01582
     6	0.01582
     4	0.01582
    37	0.01582
   117	0.01582
    11	0.01582
    86	0.01582
   284	0.01818
    24	0.01818
     2	0.01818
   151	0.01818
   128	0.01818
     4	0.01818
    66	0.01818
     2	0.01818
     2	0.01818
    74	0.01818
    14	0.01818
    10	0.01818
     3	0.01818
   345	0.01818
   118	0.01818
   180	0.01818
    13	0.01818
    61	0.01818
    40	0.01818
   942	0.01818
    97	0.01818
    23	0.01818
     5	0.01818
     2	0.01818
     9	0.01818
    70	0.01818
   142	0.01818
   100	0.01818
    11	0.01818
   128	0.01818
   111	0.01818
   240	0.01818
    22	0.01818
   260	0.01818
   132	0.01818
    26	0.01818
     4	0.01818
    18	0.01818
     7	0.01818
   123	0.01818
    28	0.01818
    62	0.01818
     3	0.01818
     4	0.01818
    16	0.01818
   151	0.01818
     9	0.01818
    14	0.01818
    41	0.01818
     3	0.01818
    18	0.01818
     7	0.01818
    25	0.01818
     7	0.01818
    64	0.01818
    16	0.01818
   130	0.01818
   181	0.01818
   117	0.01818
     2	0.01818
   159	0.01818
   121	0.01818
     8	0.01818
    40	0.01818
     2	0.01553
     2	0.01553
    11	0.01553
    89	0.01553
    98	0.01553
   426	0.01553
   232	0.01553
    67	0.01553
   442	0.01553
    85	0.01553
    32	0.01553
    10	0.01553
    72	0.01553
    63	0.01553
    62	0.01553
    63	0.01553
   184	0.01553
    78	0.01553
     9	0.01553
   133	0.01553
    67	0.01553
   202	0.01553
    73	0.01553
    56	0.01553
    56	0.01553
    14	0.01553
     7	0.01553
    16	0.01553
    39	0.01553
    38	0.01553
     2	0.01553
    91	0.01553
   180	0.01553
    23	0.01553
    23	0.01553
   855	0.01553
   867	0.01553
   592	0.01553
   188	0.01553
    70	0.01553
   231	0.01553
   190	0.01553
    41	0.01553
    80	0.01553
   480	0.01553
   287	0.01553
    13	0.01553
   268	0.01553
    22	0.01553
    84	0.01553
    12	0.01553
    77	0.01553
     7	0.01553
     5	0.01553
    54	0.01553
    12	0.01553
    78	0.01553
   178	0.01553
   114	0.01553
     8	0.01553
    78	0.01553
    34	0.01553
    94	0.01553
     7	0.01553
     5	0.01553
  1036	0.01553
    22	0.01553
    42	0.01553
   118	0.01083
   446	0.01083
    94	0.01083
     6	0.01083
  1047	0.01083
    61	0.01083
    31	0.01083
    18	0.01083
    73	0.01083
    36	0.01083
    41	0.01083
    28	0.01083
    66	0.01083
   271	0.01083
   417	0.01083
   923	0.01083
    19	0.01083
  1311	0.01083
   132	0.01083
    22	0.01083
     2	0.01083
    57	0.01083
     2	0.01083
    82	0.01083
     7	0.01083
   257	0.01083
    95	0.01083
   135	0.01083
    50	0.01083
    58	0.01083
    13	0.01083
   237	0.01083
    22	0.01083
   111	0.01083
   242	0.01083
    66	0.01083
    37	0.01083
   352	0.01083
    18	0.01083
   133	0.01083
   283	0.01083
   270	0.01083
    74	0.01083
    67	0.01083
     2	0.01083
     6	0.01083
     9	0.01083
    59	0.01083
   508	0.01083
   406	0.01083
    19	0.01083
    69	0.01083
    29	0.01083
   174	0.01083
    15	0.01083
   154	0.01083
    92	0.01083
    34	0.01083
    47	0.01083
    36	0.01083
   162	0.01083
   451	0.01083
     2	0.01083
   538	0.01083
   642	0.01083
    28	0.01083
    17	0.01083
  1084	0.01083
    36	0.01083
    28	0.01083
     3	0.01083
    31	0.01083
   366	0.01083
    21	0.01083
    58	0.01083
   205	0.01083
    60	0.01083
   361	0.01083
    17	0.01083
   267	0.01083
     4	0.01083
    24	0.01083
    15	0.01083
     9	0.01083
    18	0.01083
    15	0.01083
     4	0.01083
   125	0.01083
  1625	0.01083
   103	0.01083
   123	0.01083
  1106	0.01083
    27	0.01083
   491	0.01083
    47	0.01083
    76	0.01083
    66	0.01083
   348	0.01083
    49	0.01083
     3	0.01083
   713	0.01083
     9	0.01083
  1543	0.01083
    11	0.01083
   639	0.01083
    11	0.01083
   275	0.01083
    21	0.01083
     3	0.01561
     2	0.01561
     6	0.01561
    39	0.01561
    24	0.01561
     5	0.01561
    79	0.01561
     2	0.01561
    10	0.01561
    37	0.01561
     2	0.01561
   210	0.01561
   220	0.01561
   202	0.01561
     4	0.01561
     2	0.01561
    58	0.01561
    96	0.01561
    31	0.01561
     7	0.01561
     3	0.01561
  1003	0.01561
    26	0.01561
    62	0.01561
   149	0.01561
    18	0.01561
    37	0.01561
     2	0.01561
    18	0.01561
    58	0.01561
    56	0.01561
    24	0.01561
   414	0.01561
     5	0.01561
   101	0.01561
    25	0.01561
   101	0.01561
   213	0.01561
    13	0.01561
    12	0.01561
    10	0.01561
   303	0.01561
   287	0.01561
   144	0.01561
    11	0.01561
    50	0.01561
   272	0.01561
    10	0.01561
    18	0.01561
     2	0.01561
    20	0.01561
   117	0.01561
   401	0.01561
    58	0.01561
    46	0.01561
    14	0.01561
     9	0.01561
  1366	0.01561
     6	0.01561
    41	0.01561
   537	0.01561
    11	0.01561
   804	0.01561
  1011	0.01561
     5	0.01561
    46	0.01561
    14	0.01561
   563	0.01561
   401	0.01561
    20	0.01561
    18	0.01561
   306	0.01561
   1208621
   24
