 538
   596	0.00617
   399	0.00617
    29	0.00617
   493	0.00617
   680	0.00617
   127	0.00617
   239	0.00617
   145	0.00617
   126	0.00617
   109	0.00617
    89	0.00617
   621	0.00617
    29	0.00617
   264	0.00617
   968	0.00617
    66	0.00617
    22	0.00617
    27	0.00617
   194	0.00617
    43	0.00617
    68	0.00617
   221	0.00617
   385	0.00617
    55	0.00617
   756	0.00617
  1877	0.00617
   148	0.00617
     2	0.00617
    87	0.00617
   213	0.00617
     9	0.00617
   244	0.00617
   550	0.00617
   305	0.00617
   245	0.00617
     4	0.00617
   220	0.00617
   119	0.00617
    57	0.00617
   170	0.00617
  1788	0.00617
    10	0.00617
    50	0.00617
   498	0.00617
     5	0.00617
   235	0.00617
    47	0.00617
    57	0.00617
  1509	0.00617
   212	0.00517
    23	0.00517
     8	0.00517
   182	0.00517
    38	0.00517
   424	0.00517
   325	0.00517
    74	0.00517
   459	0.00517
    30	0.00517
    36	0.00517
   545	0.00517
     6	0.00517
     2	0.00517
   988	0.00517
     8	0.00517
   381	0.00517
    42	0.00517
   716	0.00517
   294	0.00517
     8	0.00517
    54	0.00517
   240	0.00517
    17	0.00517
     7	0.00517
     8	0.00517
   201	0.00517
     7	0.00517
    15	0.00517
  2136	0.00517
   110	0.00517
   866	0.00517
    94	0.00517
    91	0.00517
    36	0.00517
   169	0.00517
  2593	0.00517
  1720	0.00517
   200	0.00517
    16	0.00517
   149	0.00517
   196	0.00517
     6	0.00517
   194	0.00517
  1124	0.00517
  5319	0.00517
   103	0.00517
   191	0.00517
   153	0.00517
     6	0.00582
    11	0.00582
    87	0.00582
   109	0.00582
    57	0.00582
     6	0.00582
    84	0.00582
   119	0.00582
     7	0.00582
    37	0.00582
  1054	0.00582
    91	0.00582
    38	0.00582
   173	0.00582
    97	0.00582
     4	0.00582
    19	0.00582
    44	0.00582
   301	0.00582
   144	0.00582
    44	0.00582
   267	0.00582
    95	0.00582
   142	0.00582
    29	0.00582
   184	0.00582
    14	0.00582
    44	0.00582
   169	0.00582
    17	0.00582
   178	0.00582
    93	0.00582
   630	0.00582
    20	0.00582
     3	0.00582
   168	0.00582
   196	0.00582
     2	0.00704
     4	0.00704
   125	0.00704
    56	0.00704
     7	0.00704
     9	0.00704
    66	0.00704
    30	0.00704
    74	0.00704
   417	0.00704
   162	0.00704
    11	0.00704
   158	0.00704
     4	0.00704
   499	0.00704
   469	0.00704
    24	0.00704
    49	0.00704
    99	0.00704
    26	0.00704
   111	0.00704
    23	0.00704
    84	0.00704
   140	0.00704
     3	0.00704
   167	0.00704
    58	0.00704
     9	0.00704
    76	0.00704
    21	0.00704
    55	0.00704
   387	0.00704
   267	0.00704
   153	0.00704
     8	0.00704
   382	0.00704
  1475	0.00699
    20	0.00699
   257	0.00699
   598	0.00699
   359	0.00699
    25	0.00699
     4	0.00699
     3	0.00699
   320	0.00699
     2	0.00699
     2	0.00699
    15	0.00699
    20	0.00699
    11	0.00699
     2	0.00699
     3	0.00699
     7	0.00699
     2	0.00699
    88	0.00699
    55	0.00699
     3	0.00699
    10	0.00699
    59	0.00699
     9	0.00459
   140	0.00459
     3	0.00459
   168	0.00459
   456	0.00459
     7	0.00459
   218	0.00459
    52	0.00459
   158	0.00459
   501	0.00459
    59	0.00459
   122	0.00459
   832	0.00459
    97	0.00459
   297	0.00459
   215	0.00459
  1239	0.00459
    16	0.00459
   241	0.00459
     2	0.00459
   180	0.00459
    86	0.00459
   243	0.00459
   182	0.00459
    24	0.00459
     2	0.00459
   449	0.00459
   159	0.00459
    89	0.00459
   112	0.00459
  2572	0.00459
    24	0.00459
   400	0.00459
   590	0.00459
   102	0.00459
   163	0.00459
    68	0.00459
   115	0.00459
    29	0.00459
     2	0.00459
    85	0.00459
   133	0.00459
     4	0.00459
    16	0.00459
    35	0.00527
    86	0.00527
   127	0.00527
    14	0.00527
   225	0.00527
   957	0.00527
   734	0.00527
    98	0.00527
   626	0.00527
    66	0.00527
   186	0.00527
  1251	0.00527
    25	0.00527
   215	0.00527
   682	0.00527
    13	0.00527
   197	0.00527
   417	0.00527
   154	0.00527
    47	0.00527
   894	0.00527
     2	0.00527
    64	0.00527
    39	0.00527
    22	0.00527
   470	0.00527
    62	0.00527
   235	0.00527
     2	0.00527
     6	0.00527
   238	0.00527
   269	0.00527
   240	0.00527
   248	0.00527
   247	0.00527
   869	0.00527
     8	0.00527
    48	0.00527
    11	0.00527
   430	0.00527
   151	0.00527
  2482	0.00527
     7	0.00527
   414	0.00527
    98	0.00594
   392	0.00594
     3	0.00594
   167	0.00594
     9	0.00594
   262	0.00594
   959	0.00594
   123	0.00594
   387	0.00594
    21	0.00594
    77	0.00594
   575	0.00594
  1033	0.00594
    35	0.00594
    66	0.00594
   214	0.00594
    25	0.00594
   144	0.00594
   225	0.00594
   382	0.00594
   246	0.00594
     5	0.00594
    97	0.00594
   214	0.00594
    15	0.00594
     8	0.00594
    58	0.00594
   798	0.00594
    15	0.00594
   166	0.00594
    13	0.00594
    37	0.00594
   148	0.00594
  2512	0.00594
   518	0.00594
   130	0.00594
     4	0.00594
   108	0.00594
    40	0.00594
   202	0.00594
   135	0.00594
  1095	0.00594
    27	0.00594
    11	0.00594
   338	0.00594
   452	0.00594
    11	0.00594
   257	0.00594
   839	0.00594
   234	0.00594
    42	0.00694
    12	0.00694
     3	0.00694
   148	0.00694
   105	0.00694
   543	0.00694
   130	0.00694
   177	0.00694
   181	0.00694
    39	0.00694
     6	0.00694
    66	0.00694
   240	0.00694
   144	0.00694
     2	0.00694
     5	0.00694
    75	0.00694
   114	0.00694
     3	0.00694
    97	0.00694
    25	0.00694
   182	0.00694
    89	0.00694
    74	0.00694
    15	0.00694
   130	0.00694
   146	0.00617
  1674	0.00617
    22	0.00617
    18	0.00617
    15	0.00617
    13	0.00617
     9	0.00617
    52	0.00617
   140	0.00617
    19	0.00617
   229	0.00617
    19	0.00617
    56	0.00617
    43	0.00617
   114	0.00617
     4	0.00617
   362	0.00617
   108	0.00617
   287	0.00617
    30	0.00617
    41	0.00617
   187	0.00617
   112	0.00617
   122	0.00617
    52	0.00617
   241	0.00617
    27	0.00617
    34	0.00617
    28	0.00617
   180	0.00617
    10	0.00617
    60	0.00617
     9	0.00617
    42	0.00617
   260	0.00617
     6	0.00617
  4373	0.00508
    37	0.00508
     2	0.00508
   619	0.00508
   335	0.00508
    69	0.00508
   263	0.00508
   742	0.00508
     2	0.00508
    97	0.00508
   210	0.00508
    12	0.00508
    77	0.00508
   127	0.00508
    46	0.00508
   126	0.00508
    73	0.00508
    18	0.00508
   577	0.00508
   118	0.00508
   343	0.00508
   222	0.00508
    75	0.00508
   190	0.00508
    12	0.00508
   168	0.00508
    84	0.00508
    19	0.00508
   217	0.00508
   807	0.00508
    14	0.00508
     2	0.00508
    30	0.00508
     9	0.00508
   152	0.00508
    62	0.00508
   892	0.00508
   151	0.00508
   546	0.00508
  1412	0.00502
  1353	0.00502
   196	0.00502
  2373	0.00502
  1706	0.00502
    38	0.00502
   125	0.00502
    11	0.00502
    40	0.00502
    42	0.00502
   849	0.00502
  2640	0.00502
   643	0.00502
  2512	0.00502
   592	0.00502
   791	0.00502
    49	0.00502
   882	0.00502
   105	0.00502
   473	0.00502
   118	0.00502
    52	0.00502
    91	0.00502
    67	0.00502
   621	0.00502
     4	0.00502
    18	0.00502
  4655	0.00502
   790	0.00502
   297	0.00502
   522	0.00502
     4	0.00502
   657	0.00502
   711	0.00502
     3	0.00502
   137	0.00502
    28	0.00502
   200	0.00502
   179	0.00502
   578	0.00502
    28	0.00502
  1477	0.00502
   155	0.00502
    12	0.00502
   353	0.00502
   199	0.00502
   121	0.00502
   558	0.00502
   112	0.00502
     9	0.00502
   157	0.00502
    52	0.00502
     7	0.00502
   762	0.00502
 11338	0.00502
 11711	0.00502
 21246	0.00502
  2384	0.00502
  4190	0.00502
   485	0.00502
    51	0.00502
   157	0.00502
  4166	0.00502
    21	0.00502
   171	0.00502
    72	0.00502
     4	0.00502
    18	0.00502
     5	0.00502
   177	0.00502
    33	0.00502
 18844	0.00502
  2968	0.00502
  2357	0.00502
   131	0.00502
   203	0.00502
    20	0.00502
     2	0.00502
   922	0.00502
   702	0.00502
   391	0.00502
  1004	0.00502
  1878	0.00502
    29	0.00502
     7	0.00502
  1313	0.00502
  1333	0.00502
    13	0.00502
   110	0.00502
    15	0.00502
   510	0.00502
     2	0.00502
   496	0.00502
   107	0.00502
   176	0.00502
    76	0.00502
   132	0.00502
   202	0.00502
    10	0.00502
   593	0.00502
   161	0.00502
    33	0.00502
   365	0.00502
    36	0.00502
   316	0.00502
   3314151
   12
