  50
    97	0.00982
   165	0.00982
    23	0.00982
    55	0.00982
    43	0.00982
   206	0.00982
   100	0.00982
     6	0.00982
     4	0.00982
    74	0.00982
   343	0.00982
   167	0.00982
    29	0.00982
   279	0.00982
    14	0.00982
   209	0.00982
     4	0.00982
   177	0.00982
   540	0.00982
   374	0.00982
    31	0.00982
   215	0.00982
     5	0.00982
   100	0.00982
    57	0.00982
     2	0.00982
  1215	0.00982
   135	0.00982
   346	0.00982
    34	0.00982
    27	0.00982
     9	0.00982
     3	0.00982
   383	0.00982
   179	0.00982
   114	0.00982
    49	0.00982
  1233	0.00982
  1642	0.00982
   138	0.00982
    19	0.00982
    19	0.00982
     7	0.00982
   715	0.00982
    37	0.00982
   307	0.00982
     4	0.00982
   166	0.00982
  1699	0.00982
   455	0.00982
    394367
   18
