 197
   403	0.01627
   517	0.01627
    38	0.01627
     9	0.01627
    21	0.01627
     2	0.01627
   309	0.01627
   119	0.01627
   272	0.01627
    19	0.01627
    57	0.01627
     6	0.01627
  1046	0.01627
    30	0.01627
    56	0.01627
    88	0.01627
    12	0.01627
   422	0.01627
   247	0.01627
    40	0.01627
     8	0.01627
     2	0.01627
   682	0.01627
    10	0.01627
    16	0.01627
   199	0.01627
   229	0.01627
   629	0.01627
    85	0.01627
     3	0.01110
   434	0.01110
   256	0.01110
   394	0.01110
   148	0.01110
   201	0.01110
    32	0.01110
    75	0.01110
   397	0.01110
    77	0.01110
     7	0.01110
   744	0.01110
    52	0.01110
     7	0.01110
   277	0.01110
   361	0.01110
    37	0.01110
   247	0.01110
    31	0.01110
   279	0.01110
   951	0.01110
   320	0.01110
   173	0.01110
   389	0.01110
   110	0.01110
   524	0.01110
   250	0.01110
    40	0.01110
   816	0.01110
   164	0.01110
   667	0.01110
    14	0.01110
   273	0.01110
     2	0.01110
    84	0.01110
    36	0.01110
   265	0.01110
    35	0.01110
   140	0.01110
  1110	0.01110
    54	0.01110
    20	0.01110
   309	0.01110
   555	0.01110
   386	0.00981
   408	0.00981
   528	0.00981
    25	0.00981
   297	0.00981
   235	0.00981
    51	0.00981
  2300	0.00981
   212	0.00981
   124	0.00981
     3	0.00981
   860	0.00981
    35	0.00981
    12	0.00981
   209	0.00981
   124	0.00981
     2	0.00981
   109	0.00981
   115	0.00981
   132	0.00981
   763	0.00981
    23	0.00981
   933	0.00981
    16	0.00981
    36	0.00981
   165	0.00981
   199	0.00981
  1048	0.00981
   367	0.00981
   574	0.00981
    25	0.00981
   464	0.00981
    41	0.00981
     5	0.00981
   154	0.00981
   172	0.00981
    98	0.00981
   391	0.00981
    25	0.00981
    98	0.01056
    69	0.01056
  3278	0.01056
    25	0.01056
   444	0.01056
   726	0.01056
     3	0.01056
    10	0.01056
    13	0.01056
     6	0.01056
   588	0.01056
     9	0.01056
   332	0.01056
   181	0.01056
    40	0.01056
   382	0.01056
    40	0.01056
    70	0.01056
   238	0.01056
   157	0.01056
   281	0.01056
   129	0.01056
    85	0.01056
    11	0.01056
    14	0.01056
   149	0.01056
   159	0.01056
    16	0.01056
   398	0.01056
   118	0.01056
   250	0.01056
   245	0.01056
   810	0.01056
     7	0.01056
   169	0.01056
   163	0.01056
  2338	0.01056
   126	0.01056
  2483	0.01056
   353	0.01056
   566	0.01056
    74	0.01056
   878	0.01056
   109	0.01056
   516	0.01817
    13	0.01817
     3	0.01817
    43	0.01817
    14	0.01817
    57	0.01817
  1321	0.01817
   213	0.01817
   183	0.01817
   102	0.01817
   581	0.01817
   121	0.01817
   121	0.01817
   532	0.01817
    33	0.01817
  1002	0.01817
    44	0.01817
   224	0.01817
    44	0.01817
   139	0.01817
    86	0.01817
   301	0.01817
  1028	0.01817
    50	0.01817
  1063	0.01817
     4	0.01817
    22	0.01817
     4	0.01817
   292	0.01817
   169	0.01817
   153	0.01817
   102	0.01817
   529	0.01817
     4	0.01817
     3	0.01817
    92	0.01817
    34	0.01817
   135	0.01817
    22	0.01817
    86	0.01817
    46	0.01817
   1462494
   19
