 166
   184	0.00699
     3	0.00699
    58	0.00699
  1244	0.00699
   101	0.00699
   205	0.00699
     3	0.00699
   590	0.00699
   124	0.00699
   183	0.00699
    20	0.00699
    21	0.00699
    47	0.00699
   101	0.00699
   127	0.00699
    16	0.00699
  1467	0.00699
    67	0.00699
   255	0.00699
     2	0.00699
   346	0.00699
     2	0.00699
   192	0.00699
   168	0.00699
     4	0.00699
    68	0.00699
     9	0.00699
     4	0.00699
   359	0.00699
    28	0.00699
   347	0.00699
  1347	0.00699
   207	0.00699
   190	0.00699
   510	0.00699
   181	0.00699
   245	0.00699
   295	0.00699
     7	0.00699
   487	0.00699
     2	0.00699
    72	0.00699
    31	0.00699
   165	0.00699
  6345	0.00699
    20	0.00699
    74	0.00699
   494	0.00699
   653	0.00699
   378	0.00699
     3	0.00699
  2221	0.00699
    28	0.00699
   595	0.00699
     3	0.00699
     3	0.00699
   590	0.00699
   791	0.00699
   431	0.00699
  1477	0.00699
   316	0.00699
   168	0.00699
    28	0.00768
     4	0.00768
    99	0.00768
   541	0.00768
    12	0.00768
    23	0.00768
   123	0.00768
    52	0.00768
    19	0.00768
   686	0.00768
    38	0.00768
    35	0.00768
    64	0.00768
    43	0.00768
   180	0.00768
   176	0.00768
   217	0.00768
    22	0.00768
    49	0.00768
     7	0.00768
    23	0.00768
   527	0.00768
   231	0.00768
   542	0.00768
    63	0.00768
    64	0.00768
    22	0.00768
    19	0.00768
    73	0.00768
     7	0.00768
   136	0.00768
     2	0.00768
    50	0.00768
  1517	0.00768
   254	0.00768
     4	0.00768
   170	0.00768
   370	0.00768
  4115	0.00768
    42	0.00768
   130	0.00768
     2	0.00768
   712	0.00768
    12	0.00768
   167	0.00768
     2	0.00768
    10	0.01064
   399	0.01064
    15	0.01064
    42	0.01064
   210	0.01064
   168	0.01064
   615	0.01064
   668	0.01064
     5	0.01064
    64	0.01064
     3	0.01064
    10	0.01064
   390	0.01064
     3	0.01064
    13	0.01064
    19	0.01064
    15	0.01064
    67	0.01064
   341	0.01064
    16	0.01064
    13	0.01064
    22	0.01064
    34	0.01064
   476	0.01064
    84	0.01064
    64	0.01064
    22	0.01064
   345	0.01064
   375	0.01064
    19	0.01064
   114	0.01064
     4	0.01064
    48	0.01064
     5	0.01064
    58	0.01064
     8	0.01064
    35	0.01064
    37	0.01064
   191	0.01064
   103	0.01064
    22	0.01064
    87	0.01064
    37	0.01064
   191	0.01064
    55	0.01064
   100	0.01064
    87	0.01064
   382	0.01064
   103	0.01064
    57	0.01064
     4	0.01064
    19	0.01064
   345	0.01064
   585	0.01064
   290	0.01064
    10	0.01064
   830	0.01064
    17	0.01064
    892056
   23
