 158
    11	0.00012
 47002	0.00012
  2508	0.00012
 45607	0.00012
  1039	0.00012
  4528	0.00012
  1832	0.00012
 36746	0.00013
 54330	0.00013
 10310	0.00013
 18795	0.00013
 54798	0.00013
  2823	0.00013
 20329	0.00013
 31926	0.00013
  9559	0.00013
  2275	0.00013
  2640	0.00013
 35635	0.00018
 19984	0.00018
  1809	0.00018
  5914	0.00018
 31285	0.00018
    62	0.00018
   175	0.00018
  7044	0.00018
  3085	0.00018
 26875	0.00018
  4827	0.00018
 10289	0.00018
 18365	0.00018
  1944	0.00018
 15007	0.00018
 27649	0.00018
  6257	0.00018
   175	0.00018
  5850	0.00018
 27557	0.00018
 13441	0.00018
 30955	0.00018
 35407	0.00020
 18236	0.00020
  2970	0.00020
 18211	0.00020
   114	0.00020
  1584	0.00020
 15470	0.00020
    11	0.00020
 20666	0.00020
    22	0.00020
  3139	0.00020
    66	0.00020
    27	0.00020
  4554	0.00020
  2288	0.00020
  7396	0.00020
  2359	0.00020
  1710	0.00020
 13121	0.00020
  8834	0.00020
    27	0.00020
  8018	0.00020
   798	0.00020
   597	0.00020
 34064	0.00020
  4351	0.00020
 11484	0.00020
 16922	0.00020
 42296	0.00020
 21845	0.00020
  5729	0.00020
  3892	0.00020
    21	0.00019
    84	0.00019
 30473	0.00019
  5166	0.00019
  3626	0.00019
 10013	0.00019
  2786	0.00019
     5	0.00019
  8089	0.00019
 27459	0.00019
 22153	0.00019
 11751	0.00019
  4469	0.00019
 13776	0.00019
 10039	0.00019
  1285	0.00019
   599	0.00019
    17	0.00019
  4603	0.00019
  3069	0.00019
   388	0.00019
  2440	0.00019
 19876	0.00019
  6012	0.00019
   421	0.00019
  7611	0.00019
  3066	0.00024
 12022	0.00024
  2221	0.00024
  3440	0.00024
 25794	0.00024
  7796	0.00024
    77	0.00024
  5145	0.00024
  6310	0.00024
   588	0.00024
  8437	0.00024
    58	0.00024
   657	0.00024
  2085	0.00024
  1943	0.00024
  1621	0.00024
 30730	0.00024
 12397	0.00024
  2189	0.00024
   340	0.00024
     3	0.00024
   276	0.00024
    39	0.00024
  7652	0.00024
     6	0.00024
  7443	0.00024
  1147	0.00024
     4	0.00024
 12326	0.00024
    78	0.00024
   143	0.00024
    24	0.00024
 10915	0.00024
  3537	0.00024
  3762	0.00024
  2369	0.00024
    11	0.00024
 23585	0.00016
 10627	0.00016
  2078	0.00016
   584	0.00016
  1533	0.00016
  1732	0.00016
 33081	0.00016
  3365	0.00016
    49	0.00016
     2	0.00016
 11880	0.00016
   710	0.00016
  2038	0.00016
 16947	0.00016
  3360	0.00016
 19012	0.00016
  5750	0.00016
  3590	0.00016
 20514	0.00016
  1697	0.00016
 13613	0.00016
 36667	0.00016
 46445	0.00016
   1768582
   23
