 204
   499	0.00509
   128	0.00509
    15	0.00509
   980	0.00509
   316	0.00509
   797	0.00509
   508	0.00509
    99	0.00509
   170	0.00509
    15	0.00509
    88	0.00509
  1191	0.00509
    32	0.00509
   164	0.00509
   286	0.00509
    43	0.00509
    64	0.00509
    14	0.00509
   119	0.00509
  1133	0.00509
    17	0.00509
   374	0.00509
   175	0.00509
   133	0.00509
    45	0.00509
   163	0.00509
    15	0.00509
    48	0.00509
   104	0.00509
     8	0.00509
   313	0.00509
   398	0.00509
    91	0.00601
    45	0.00601
     2	0.00601
    24	0.00601
   223	0.00601
    17	0.00601
   241	0.00601
    78	0.00601
     7	0.00601
    69	0.00601
   140	0.00601
     7	0.00601
     2	0.00601
    98	0.00601
   536	0.00601
    35	0.00601
   111	0.00601
  1042	0.00601
  1109	0.00601
   279	0.00601
    93	0.00601
     8	0.00601
     2	0.00601
   235	0.00601
   499	0.00601
   156	0.00601
    81	0.00601
    17	0.00601
   174	0.00601
    13	0.00601
    14	0.00601
    70	0.00601
   108	0.00601
   735	0.00601
     2	0.00601
    82	0.00601
    31	0.00601
     8	0.00601
  1708	0.00601
   379	0.00601
   526	0.00601
   230	0.00601
    50	0.00601
   231	0.00601
   737	0.00601
   925	0.00601
    28	0.00601
   310	0.00601
   456	0.00601
   751	0.00601
    53	0.00601
   209	0.00601
    56	0.00601
  2976	0.00601
   109	0.00601
     5	0.00601
   195	0.00601
   423	0.00601
   116	0.00601
    93	0.00601
   945	0.00601
   441	0.00601
     3	0.00601
    25	0.00601
    25	0.00601
   289	0.00601
   448	0.00601
   142	0.00601
   229	0.00601
   308	0.00601
    23	0.00601
   321	0.00601
    17	0.00601
     9	0.00601
    16	0.00601
    82	0.00601
   181	0.00601
   310	0.00601
    18	0.00601
   170	0.00601
    38	0.00498
   704	0.00498
    61	0.00498
   532	0.00498
    16	0.00498
    62	0.00498
   802	0.00498
  1352	0.00498
   423	0.00498
    42	0.00498
     6	0.00498
   102	0.00498
    64	0.00498
   249	0.00498
   227	0.00498
   310	0.00498
    85	0.00498
   981	0.00498
   482	0.00498
   183	0.00498
   196	0.00498
     8	0.00498
    43	0.00498
   264	0.00498
   553	0.00498
   159	0.00498
    90	0.00498
   134	0.00431
     2	0.00431
    59	0.00431
    29	0.00431
     3	0.00431
    67	0.00431
   155	0.00431
   227	0.00431
    57	0.00431
     4	0.00431
    41	0.00431
   109	0.00431
    57	0.00431
     3	0.00431
    57	0.00431
     6	0.00431
   144	0.00431
    74	0.00431
     3	0.00431
     6	0.00431
     2	0.00431
    49	0.00431
    14	0.00431
     5	0.00431
   253	0.00483
     9	0.00483
    15	0.00483
    42	0.00483
  1080	0.00483
     2	0.00483
     2	0.00483
     4	0.00483
    66	0.00483
   245	0.00483
    68	0.00483
    33	0.00483
   818	0.00483
   114	0.00483
    28	0.00483
   157	0.00483
   263	0.00483
   163	0.00483
    85	0.00483
    16	0.00483
     3	0.00483
     3	0.00483
     4	0.00483
    21	0.00483
   540	0.00483
    24	0.00483
    61	0.00483
    28	0.00483
   157	0.00483
    45	0.00483
    85	0.00483
    87	0.00483
   140	0.00483
    80	0.00483
   291	0.00483
     6	0.00483
   114	0.00483
   104	0.00483
     3	0.00483
   336	0.00483
     7	0.00483
   1495096
   11
