  34
 16039	0.00115
 19654	0.00115
 28805	0.00115
  8484	0.00115
 70854	0.00115
 13538	0.00115
 35131	0.00115
 93083	0.00115
   807	0.00115
  3894	0.00115
  7077	0.00115
 10391	0.00115
 20099	0.00115
 21136	0.00115
   441	0.00115
 49204	0.00115
    10	0.00115
  6551	0.00115
   155	0.00115
 12674	0.00115
 41370	0.00115
  9300	0.00115
 22161	0.00115
  1137	0.00115
 19771	0.00115
    45	0.00115
 20374	0.00115
 11250	0.00115
  5551	0.00115
 28168	0.00115
   655	0.00115
  5124	0.00115
 33901	0.00115
 37788	0.00115
    394367
   23
