  62
   319	0.00942
   255	0.00942
    57	0.00942
    75	0.00942
    51	0.00942
    42	0.00942
   122	0.00942
     2	0.00942
   177	0.00942
   133	0.00942
   187	0.00942
   108	0.00942
    31	0.00942
    61	0.00942
     9	0.00942
   184	0.00942
   111	0.00942
   566	0.00942
     2	0.01532
   250	0.01532
   135	0.01532
    18	0.01532
   161	0.01532
   379	0.01532
     2	0.01532
     2	0.01532
   324	0.01532
    16	0.01532
  1142	0.01532
    50	0.01532
    57	0.01532
     8	0.01532
   239	0.01532
   314	0.01532
   267	0.01532
   150	0.01532
   456	0.01532
   358	0.01532
   148	0.01532
   154	0.01269
    53	0.01269
    12	0.01269
    64	0.01269
   435	0.01269
    56	0.01269
    25	0.01269
     3	0.01269
   153	0.01269
    97	0.01269
     3	0.01269
   282	0.01269
   394	0.01269
   180	0.01269
     4	0.01269
    95	0.01269
     9	0.01269
   440	0.01269
   112	0.01269
    26	0.01269
    46	0.01269
   175	0.01269
   144	0.01269
    876941
   18
