 828
    64	0.00867
   751	0.00867
   723	0.00867
   648	0.00867
   277	0.00867
   250	0.00867
   305	0.00867
   581	0.00867
     8	0.00867
     9	0.00867
    28	0.00867
   237	0.00867
   284	0.00867
     5	0.00867
   877	0.00867
    52	0.00867
   798	0.00867
   210	0.00867
     2	0.00867
   127	0.00867
   282	0.00867
  1348	0.00867
    17	0.00867
    54	0.00867
     8	0.00867
   171	0.00867
   604	0.00867
   256	0.00867
    91	0.00867
     4	0.00867
    43	0.00867
    37	0.00867
    35	0.00867
   243	0.00867
     3	0.00867
     2	0.00867
    27	0.00867
   382	0.00867
   140	0.00867
   261	0.00867
  1986	0.00867
   428	0.00867
    39	0.00867
    23	0.00867
  1557	0.00867
   119	0.00867
   130	0.00867
    15	0.00867
     9	0.00867
   366	0.00867
     6	0.00867
     5	0.00867
 61641	0.00867
   150	0.00867
    53	0.00867
   398	0.00867
   154	0.00867
  1555	0.00867
    45	0.00867
   412	0.00867
    20	0.00867
    58	0.00867
   402	0.00867
   755	0.00867
    30	0.00867
    86	0.00867
    81	0.00867
    12	0.00867
     6	0.00867
    83	0.00867
    82	0.00867
   556	0.00867
    92	0.00867
   561	0.00867
   161	0.00867
    16	0.00867
    41	0.00867
   233	0.00867
   308	0.00867
   304	0.00700
    38	0.00700
   487	0.00700
    39	0.00700
   786	0.00700
    15	0.00700
   140	0.00700
   127	0.00700
    10	0.00700
    28	0.00700
     3	0.00700
  1038	0.00700
   879	0.00700
    39	0.00700
   452	0.00700
   408	0.00700
   208	0.00700
   468	0.00700
    54	0.00700
   100	0.00700
   115	0.00700
     8	0.00700
   148	0.00700
     2	0.00700
  1406	0.00700
   103	0.00700
    87	0.00700
   124	0.00700
    80	0.00700
    25	0.00700
     9	0.00700
     7	0.00700
    37	0.00700
     3	0.00700
     3	0.00700
193363	0.00700
   499	0.00700
    79	0.00700
    43	0.00700
    10	0.00700
   141	0.00920
    17	0.00920
   115	0.00920
    10	0.00920
    54	0.00920
     5	0.00920
   636	0.00920
    39	0.00920
   178	0.00920
    69	0.00920
    25	0.00920
   133	0.00920
    45	0.00920
    50	0.00920
    47	0.00920
    44	0.00920
   290	0.00920
    81	0.00920
    21	0.00920
   308	0.00920
    17	0.00920
    49	0.00920
    62	0.00920
   584	0.00920
   143	0.00920
    71	0.00920
    19	0.00920
   506	0.00920
    47	0.00920
   344	0.00920
    29	0.00920
   740	0.00920
    31	0.00920
   734	0.00920
    20	0.00920
    61	0.00920
   260	0.00920
    11	0.00920
   219	0.00920
   115	0.00920
   107	0.00920
   937	0.00920
     3	0.00920
   150	0.00920
   125	0.00920
   205	0.00920
    49	0.00920
    10	0.00920
    33	0.00920
     5	0.00920
    55	0.00920
   117	0.00920
    95	0.00920
     5	0.00920
    63	0.00920
    14	0.00920
   495	0.00920
    12	0.00920
  1002	0.00920
   202	0.00920
   220	0.00920
     6	0.00920
     9	0.00920
   359	0.00920
   290	0.00920
     3	0.00920
    47	0.00920
    19	0.00920
     5	0.00886
   158	0.00886
  1176	0.00886
   168	0.00886
    66	0.00886
    32	0.00886
   653	0.00886
     5	0.00886
  2240	0.00886
   356	0.00886
    34	0.00886
   295	0.00886
   857	0.00886
   358	0.00886
    24	0.00886
   773	0.00886
   709	0.00886
   137	0.00886
  1579	0.00886
    10	0.00886
   166	0.00886
  3138	0.00886
 13173	0.00886
    11	0.00886
  3323	0.00886
   509	0.00886
    58	0.00886
   328	0.00886
   185	0.00886
     7	0.00886
     4	0.00886
   151	0.00886
   819	0.00886
   239	0.00886
   492	0.00886
     2	0.00886
  1219	0.00886
  2350	0.00886
  2077	0.00886
     9	0.00886
   314	0.00886
   421	0.00886
     3	0.00886
    32	0.00886
   626	0.00886
    93	0.00886
   343	0.00886
   149	0.00886
  1005	0.00886
     8	0.00886
  4524	0.00886
    82	0.00886
    37	0.00886
   298	0.00886
   365	0.00886
    20	0.00886
   144	0.00886
   222	0.00886
  1464	0.00886
   208	0.00886
    11	0.00886
 10393	0.00886
   185	0.00886
    13	0.00886
     4	0.00886
  3591	0.00886
   807	0.00886
    14	0.00886
   104	0.00886
   186	0.00886
    54	0.00886
   185	0.00886
  1971	0.00886
   201	0.00886
     3	0.00886
   472	0.00886
   547	0.00886
  3900	0.00886
   342	0.00886
    15	0.00886
    28	0.00886
  1608	0.00886
 15230	0.00886
   328	0.00886
   105	0.00608
   184	0.00608
     5	0.00608
    38	0.00608
     2	0.00608
    80	0.00608
   548	0.00608
    99	0.00608
   264	0.00608
     2	0.00608
     2	0.00608
   579	0.00608
   441	0.00608
   137	0.00608
    16	0.00608
   230	0.00608
    62	0.00608
    40	0.00608
   292	0.00608
    33	0.00608
   419	0.00608
  1417	0.00608
   145	0.00608
    40	0.00608
   103	0.00608
   153	0.00608
    31	0.00608
    21	0.00608
  1785	0.00608
   912	0.00608
  2175	0.00608
   372	0.00608
     3	0.00608
   164	0.00608
  1006	0.00608
     2	0.00608
   288	0.00608
    57	0.00608
  5770	0.00608
   189	0.00608
  1726	0.00608
   485	0.00608
   138	0.00608
   120	0.00608
    21	0.00608
    36	0.00608
   116	0.00608
   524	0.00608
   835	0.00608
    36	0.00608
     4	0.00608
    14	0.00608
  1061	0.00694
    43	0.00694
   292	0.00694
    39	0.00694
    30	0.00694
   136	0.00694
  1040	0.00694
   409	0.00694
   124	0.00694
  1142	0.00694
    12	0.00694
   107	0.00694
   243	0.00694
    47	0.00694
   113	0.00694
    86	0.00694
    91	0.00694
    51	0.00694
    12	0.00694
    91	0.00694
   438	0.00694
   442	0.00694
   159	0.00694
  1378	0.00694
    15	0.00694
   495	0.00694
   118	0.00694
   538	0.00694
   187	0.00694
  2657	0.00694
  1298	0.00694
   239	0.00694
   936	0.00694
   153	0.00694
     4	0.00694
   692	0.00694
   478	0.00694
    95	0.00694
    23	0.00694
   246	0.00694
    79	0.00694
  2289	0.00694
     7	0.00694
   348	0.00694
    31	0.00694
    36	0.00694
  1693	0.00694
  1087	0.00694
     4	0.00694
   425	0.00694
    63	0.00694
   180	0.00694
   142	0.00694
   474	0.00694
     4	0.00694
   102	0.00694
  2280	0.00694
    38	0.00694
     2	0.00694
    63	0.00694
   284	0.00694
   245	0.00694
    60	0.00694
   787	0.00694
   128	0.00694
    40	0.00694
   176	0.00694
    29	0.00694
   603	0.00694
  2379	0.00694
   199	0.00694
   258	0.00694
     7	0.00924
   396	0.00924
    19	0.00924
   189	0.00924
   230	0.00924
     3	0.00924
   211	0.00924
   612	0.00924
   394	0.00924
  1025	0.00924
     2	0.00924
     4	0.00924
    24	0.00924
   345	0.00924
   214	0.00924
    19	0.00924
   221	0.00924
   148	0.00924
   155	0.00924
   387	0.00924
    46	0.00924
   190	0.00924
   126	0.00924
   133	0.00924
    26	0.00924
   434	0.00924
     7	0.00924
     2	0.00924
   273	0.00924
     2	0.00924
   609	0.00924
  2429	0.00924
   547	0.00924
   144	0.00924
    31	0.00924
     2	0.00924
   219	0.00924
   105	0.00924
    14	0.00924
     2	0.00924
   194	0.00924
    74	0.00924
   831	0.00924
    48	0.00924
   301	0.00924
    85	0.00924
    29	0.00924
   208	0.00924
   186	0.00924
    61	0.00924
   124	0.00924
     6	0.00924
    15	0.00924
    18	0.00924
    32	0.01136
    54	0.01136
   152	0.01136
     5	0.01136
   386	0.01136
   401	0.01136
   302	0.01136
   512	0.01136
    33	0.01136
    15	0.01136
   102	0.01136
   180	0.01136
    31	0.01136
     6	0.01136
   128	0.01136
   103	0.01136
    11	0.01136
    18	0.01136
   140	0.01136
     6	0.01136
   100	0.01136
    54	0.01136
   100	0.01136
    60	0.01136
    49	0.01136
    49	0.01136
    23	0.01136
    78	0.01136
  2311	0.01136
   253	0.01136
    64	0.01136
   508	0.01136
  1316	0.01136
   211	0.01136
   152	0.01136
   143	0.01136
    98	0.01136
    39	0.01136
   305	0.01136
   717	0.01136
   417	0.01136
   160	0.01136
    26	0.01136
   214	0.01136
   702	0.01136
    16	0.01136
     2	0.01136
    21	0.01136
   447	0.01136
   171	0.01136
   197	0.01136
   672	0.01136
     6	0.01136
    10	0.01136
    21	0.01136
   214	0.01136
   111	0.01136
    99	0.01136
     9	0.01136
    48	0.01136
     2	0.01136
   124	0.01136
   145	0.01136
   223	0.01136
   109	0.01136
   815	0.01136
    71	0.01136
     4	0.01136
   178	0.01136
   148	0.01136
     5	0.01136
     2	0.01136
     3	0.01136
    99	0.01136
   272	0.01136
     3	0.01135
  1153	0.01135
    32	0.01135
     2	0.01135
   166	0.01135
   781	0.01135
   392	0.01135
    47	0.01135
   266	0.01135
    36	0.01135
   279	0.01135
   837	0.01135
   117	0.01135
  2127	0.01135
    24	0.01135
    29	0.01135
   807	0.01135
   154	0.01135
    55	0.01135
   162	0.01135
     2	0.01135
   422	0.01135
   473	0.01135
   114	0.01135
   877	0.01135
   451	0.01135
    43	0.01135
    79	0.01135
   799	0.01135
   128	0.01135
   230	0.01135
   266	0.01135
     4	0.01135
   553	0.01135
  1063	0.01135
   617	0.01135
   680	0.01135
    48	0.01135
   177	0.01135
     8	0.01135
    53	0.01135
    26	0.01135
     8	0.01135
   445	0.01135
    14	0.01135
   353	0.01135
    40	0.01135
   343	0.01135
   576	0.01135
    54	0.01135
   460	0.01135
  1404	0.01135
   435	0.01135
   232	0.01135
    83	0.01135
     4	0.01135
   169	0.01135
   225	0.01135
  2262	0.01135
     2	0.01135
    60	0.01135
    54	0.01135
   746	0.01139
   705	0.01139
   134	0.01139
    49	0.01139
   190	0.01139
    70	0.01139
    58	0.01139
   563	0.01139
    32	0.01139
     8	0.01139
   726	0.01139
   100	0.01139
  1465	0.01139
    86	0.01139
   867	0.01139
  1680	0.01139
   145	0.01139
     3	0.01139
    32	0.01139
   572	0.01139
    20	0.01139
    94	0.01139
   251	0.01139
    34	0.01139
    38	0.01139
   155	0.01139
   462	0.01139
   221	0.01139
     2	0.01139
    51	0.01139
   132	0.01139
   162	0.01139
    11	0.01139
    42	0.01139
   212	0.01139
   413	0.01139
   363	0.01139
   164	0.01139
   154	0.01139
   103	0.01139
     2	0.01139
   426	0.01139
    65	0.01139
   551	0.01139
   438	0.01139
     8	0.01139
    92	0.01139
   906	0.01139
   165	0.01139
    30	0.01139
     7	0.01139
    49	0.01139
   426	0.01139
    81	0.01139
    36	0.01139
    18	0.01139
   469	0.01139
    60	0.01139
     9	0.01139
     5	0.01139
   371	0.01139
   120	0.01139
    63	0.01139
   617	0.01139
   704	0.01139
   335	0.01139
   110	0.01139
    99	0.01139
  2395	0.01139
   563	0.01139
   295	0.01139
    56	0.01139
    14	0.01139
    61	0.01139
    29	0.01139
     4	0.01139
    25	0.01139
   298	0.01091
    11	0.01091
    17	0.01091
    55	0.01091
   698	0.01091
    15	0.01091
     7	0.01091
   276	0.01091
    95	0.01091
    83	0.01091
   112	0.01091
   131	0.01091
   247	0.01091
    85	0.01091
   155	0.01091
     9	0.01091
    29	0.01091
  1403	0.01091
   103	0.01091
   166	0.01091
   121	0.01091
    10	0.01091
  1401	0.01091
  1747	0.01091
   243	0.01091
   173	0.01091
  1063	0.01091
    42	0.01091
   438	0.01091
    98	0.01091
    10	0.01091
    68	0.01091
    45	0.01091
  1317	0.01091
    31	0.01091
   151	0.01091
     2	0.01091
    62	0.01091
   327	0.01091
   178	0.01091
   134	0.01091
    43	0.01091
    10	0.01091
   429	0.01091
    15	0.01091
    27	0.01091
    38	0.01091
     9	0.01091
    30	0.01091
    12	0.01091
   296	0.01091
   808	0.01091
    35	0.01091
    13	0.01091
    54	0.01091
   187	0.01091
    37	0.01091
   165	0.01091
  1370	0.01091
    83	0.01091
    13	0.01091
     2	0.01091
   178	0.01091
   123	0.01091
    48	0.01091
     2	0.01091
    80	0.01091
    46	0.01091
   101	0.01091
   298	0.01266
   260	0.01266
    57	0.01266
  2054	0.01266
   326	0.01266
    43	0.01266
    18	0.01266
    47	0.01266
    69	0.01266
    11	0.01266
    20	0.01266
   240	0.01266
     2	0.01266
    48	0.01266
   127	0.01266
   585	0.01266
    83	0.01266
   546	0.01266
    60	0.01266
   742	0.01266
   101	0.01266
   769	0.01266
  1757	0.01266
     3	0.01266
    21	0.01266
    36	0.01266
    79	0.01266
   152	0.01266
    51	0.01266
   101	0.01266
  2573	0.01266
   260	0.01266
   655	0.01266
   190	0.01266
     8	0.01266
   197	0.01266
    40	0.01266
     4	0.01266
  1832	0.01266
    38	0.01266
    33	0.01266
   211	0.01266
   144	0.01266
   143	0.01266
    52	0.01266
    15	0.01266
    56	0.01266
    84	0.01266
     5	0.01266
   121	0.01266
   717	0.01266
    25	0.01266
    52	0.01266
   245	0.01266
  1039	0.01266
   166	0.01266
     2	0.01266
    27	0.01266
   149	0.01266
   169	0.01266
     3	0.01266
   237	0.01266
   177	0.01266
   117	0.01266
   111	0.01266
   170	0.01266
   782	0.01266
   125	0.01266
    53	0.01266
     8	0.01266
   612	0.01266
   172	0.01266
   219	0.01266
  1272	0.01266
     6	0.01266
    99	0.01266
    67	0.01266
   734	0.01266
   314	0.01266
     7	0.01266
    80	0.01266
   182	0.01266
   302	0.01266
    82	0.01266
   107	0.01266
   100	0.01266
    22	0.01266
    16	0.01266
    68	0.01266
   539	0.01266
   202	0.01266
   148	0.01266
    12	0.01266
     3	0.01266
    35	0.01266
    20	0.01266
   3314151
   17
