 222
    88	0.01033
     3	0.01033
   208	0.01033
     4	0.01033
     7	0.01033
    47	0.01033
    19	0.01033
   990	0.01033
   355	0.01033
    79	0.01033
    82	0.01033
   226	0.01033
     5	0.01033
    15	0.01033
    16	0.01033
    34	0.01033
    47	0.01033
    25	0.01033
     2	0.01033
   479	0.01033
     4	0.01033
    24	0.01033
    31	0.01033
   217	0.01033
   372	0.01033
   544	0.01033
    42	0.01033
     7	0.01033
    46	0.01033
   472	0.01033
    34	0.01033
    30	0.01033
   220	0.01033
   145	0.01033
    40	0.01033
    39	0.01033
   109	0.01033
    16	0.01033
   119	0.01033
     6	0.01033
    13	0.01033
    42	0.01033
    44	0.01033
    40	0.01033
     2	0.01033
    81	0.01033
   193	0.01033
    43	0.01033
   122	0.01033
    53	0.01033
    39	0.01033
   267	0.01033
    19	0.01033
    24	0.01033
   710	0.01033
  5520	0.01033
    41	0.01033
     2	0.01033
     4	0.01033
   329	0.01033
    27	0.01033
   600	0.01033
   133	0.01033
  1314	0.01033
   381	0.01033
    91	0.01033
     8	0.01033
    93	0.01033
   166	0.01033
    40	0.01033
     3	0.01033
    46	0.01033
   431	0.01033
    80	0.01033
    67	0.01033
  2423	0.01033
   495	0.01033
     7	0.01033
    69	0.01033
    17	0.01033
   746	0.01212
    58	0.01212
     3	0.01212
    57	0.01212
     2	0.01212
    46	0.01212
    12	0.01212
     2	0.01212
    47	0.01212
     2	0.01212
     3	0.01212
    16	0.01212
     2	0.01212
    26	0.01212
    87	0.01212
    11	0.01212
     2	0.01212
     4	0.01212
    31	0.01212
    16	0.01212
    30	0.01212
    80	0.01212
   123	0.01212
     4	0.01212
    25	0.01212
    42	0.01212
    12	0.01212
    72	0.01212
    62	0.01212
   292	0.01212
    17	0.01212
    92	0.01212
     2	0.01212
     2	0.01212
   147	0.01212
    34	0.01212
   106	0.01212
    16	0.01212
     2	0.01212
     2	0.01212
    43	0.01212
   118	0.01212
    27	0.01212
   175	0.01212
  1047	0.01212
    24	0.01212
     7	0.01212
     7	0.01212
    65	0.01212
    70	0.01212
     7	0.01212
    28	0.01212
     4	0.01212
    43	0.01212
    36	0.01212
   135	0.01212
    47	0.01212
    37	0.01212
     7	0.01212
   193	0.01212
    44	0.01212
    12	0.01475
    59	0.01475
     3	0.01475
    20	0.01475
   455	0.01475
    13	0.01475
     5	0.01475
   100	0.01475
     7	0.01475
     5	0.01475
    43	0.01475
    19	0.01475
    58	0.01475
   212	0.01475
     4	0.01475
    13	0.01475
   135	0.01475
    79	0.01475
     2	0.01475
    52	0.01475
    23	0.01475
    53	0.01475
    31	0.01475
    33	0.01475
    41	0.01475
     7	0.01475
    10	0.01475
   132	0.01475
    44	0.01475
   744	0.01475
   101	0.01475
   810	0.01475
    15	0.01475
    10	0.01475
     4	0.01475
    20	0.01475
    21	0.01475
    18	0.01475
     4	0.01475
    55	0.01475
     4	0.01475
    67	0.01475
    35	0.01475
    23	0.01475
     7	0.01475
    44	0.01475
    95	0.01475
     2	0.01475
    12	0.01475
   144	0.01475
    15	0.01475
     4	0.01475
     3	0.01475
    10	0.01475
     4	0.01475
    57	0.01475
    28	0.01475
    60	0.01475
     2	0.01475
   493	0.01475
     5	0.01475
     4	0.01475
    75	0.01475
    31	0.01475
     9	0.01475
   409	0.01475
   164	0.01475
    16	0.01475
     8	0.01475
     2	0.01475
   223	0.01475
    19	0.01475
    50	0.01475
     5	0.01475
    83	0.01475
   307	0.01475
   161	0.01475
    40	0.01475
    69	0.01475
     9	0.01475
   103	0.01475
    892056
   25
