 668
    28	0.01023
   282	0.01023
   107	0.01023
   342	0.01023
   118	0.01023
     5	0.01023
   193	0.01023
   195	0.01023
     7	0.01023
   148	0.01023
  1032	0.01023
   133	0.01023
   288	0.01023
  2909	0.01023
   938	0.01023
    31	0.01023
   876	0.01023
   217	0.01023
    20	0.01023
   343	0.01023
    19	0.01023
    47	0.01023
   214	0.01023
   947	0.01023
  1176	0.01023
   162	0.01023
   316	0.01023
   140	0.01023
    21	0.01023
    80	0.01023
    51	0.01023
   635	0.01023
    32	0.01023
  1143	0.01023
    40	0.01023
     6	0.01023
   635	0.01023
  1082	0.01023
   908	0.01023
    23	0.01023
   281	0.01023
     6	0.01023
    58	0.01023
   156	0.01023
   290	0.01023
    35	0.01023
    47	0.01023
   266	0.01023
   784	0.01023
    51	0.01023
   143	0.01023
   187	0.01023
     8	0.01023
   458	0.01023
   270	0.01023
   123	0.01023
    25	0.01023
     2	0.01023
    88	0.01023
   220	0.01023
   172	0.01023
    42	0.01023
   132	0.01023
    90	0.01023
   533	0.01023
   236	0.01023
    26	0.01023
  1304	0.01023
   506	0.01023
   270	0.01023
   127	0.01023
   382	0.01023
   136	0.01023
   211	0.01023
   353	0.01023
    28	0.00817
    88	0.00817
   342	0.00817
    14	0.00817
   406	0.00817
    55	0.00817
  1813	0.00817
   311	0.00817
   414	0.00817
   296	0.00817
     4	0.00817
   122	0.00817
   913	0.00817
    13	0.00817
    19	0.00817
   301	0.00817
     3	0.00817
   367	0.00817
  4720	0.00817
   382	0.00817
   994	0.00817
    32	0.00817
   334	0.00817
   419	0.00817
   198	0.00817
   519	0.00817
   271	0.00817
  1079	0.00817
  3233	0.00817
  1918	0.00817
     6	0.00817
     7	0.00817
    10	0.00817
    60	0.00817
   113	0.00817
    19	0.00817
    25	0.00817
    33	0.00817
   278	0.00817
   190	0.00817
   668	0.00817
    52	0.00817
  1495	0.00817
    49	0.00817
   810	0.00817
   196	0.00817
    66	0.00817
     2	0.00817
   124	0.00817
   514	0.00817
    88	0.00817
   819	0.00817
   269	0.00817
  8399	0.00817
   799	0.00817
   131	0.00817
    10	0.00817
    73	0.01028
    63	0.01028
   128	0.01028
    42	0.01028
   677	0.01028
   100	0.01028
    97	0.01028
    36	0.01028
   304	0.01028
   265	0.01028
     7	0.01028
  1023	0.01028
    43	0.01028
   428	0.01028
   891	0.01028
    22	0.01028
     4	0.01028
    65	0.01028
     9	0.01028
   115	0.01028
  1126	0.01028
    79	0.01028
   310	0.01028
   477	0.01028
   614	0.01028
    91	0.01028
    13	0.01028
   980	0.01028
     5	0.01028
    34	0.01028
   233	0.01028
    45	0.01028
     8	0.01028
   105	0.01028
   183	0.01028
    31	0.01028
    55	0.01028
   278	0.01028
   531	0.01028
    50	0.01028
   130	0.01028
  1210	0.01028
  1085	0.01028
    86	0.01028
    80	0.01028
   386	0.01028
   193	0.01028
   217	0.01028
    64	0.01028
    49	0.01028
     2	0.01028
    94	0.01028
     9	0.01102
     8	0.01102
    97	0.01102
     4	0.01102
     8	0.01102
     4	0.01102
    15	0.01102
    16	0.01102
    75	0.01102
   153	0.01102
    25	0.01102
   235	0.01102
   107	0.01102
   789	0.01102
   148	0.01102
    83	0.01102
    12	0.01102
   281	0.01102
   228	0.01102
   572	0.01102
   169	0.01102
    75	0.01102
   144	0.01102
     7	0.01102
    12	0.01102
   293	0.01102
    74	0.01102
   495	0.01102
    12	0.01102
    74	0.01102
   144	0.01102
    13	0.01102
   146	0.01102
    80	0.01102
    69	0.01102
     5	0.01102
   147	0.01102
     8	0.01102
    21	0.01102
    37	0.01102
   264	0.01102
    22	0.01102
    19	0.01102
    50	0.01102
    65	0.01102
   457	0.01102
     4	0.01102
   296	0.01102
    13	0.01102
     4	0.01102
    53	0.01102
    31	0.01102
     2	0.01102
   158	0.01102
   211	0.01102
    40	0.01102
    22	0.01102
   237	0.01214
    30	0.01214
    48	0.01214
     2	0.01214
   334	0.01214
    68	0.01214
   226	0.01214
   886	0.01214
  1245	0.01214
    91	0.01214
    30	0.01214
   201	0.01214
    11	0.01214
   269	0.01214
    12	0.01214
    41	0.01214
   516	0.01214
    14	0.01214
    15	0.01214
     6	0.01214
    19	0.01214
    17	0.01214
     2	0.01214
    92	0.01214
     5	0.01214
    13	0.01214
   126	0.01214
    37	0.01214
   186	0.01214
    12	0.01214
   124	0.00787
   157	0.00787
   172	0.00787
   111	0.00787
   119	0.00787
     6	0.00787
   147	0.00787
   115	0.00787
    56	0.00787
    60	0.00787
    12	0.00787
     9	0.00787
   333	0.00787
   101	0.00787
   189	0.00787
    65	0.00787
   167	0.00787
   472	0.00787
     3	0.00787
    67	0.00787
     4	0.00787
   350	0.00787
    11	0.00787
    10	0.00787
   124	0.00787
   271	0.00787
    30	0.00787
  1163	0.00787
    34	0.00787
   141	0.00787
    55	0.00787
    82	0.00787
     4	0.00787
     6	0.00787
     9	0.00787
    79	0.00787
     4	0.00787
   764	0.00787
   136	0.00787
    13	0.00787
   230	0.00787
    23	0.00787
    42	0.00787
    86	0.00787
    71	0.00787
    79	0.00787
     2	0.00787
   408	0.00787
   795	0.00787
    81	0.00787
    69	0.00787
   462	0.00787
     2	0.00787
   410	0.00787
    25	0.00787
   200	0.00787
     2	0.00787
   254	0.00787
   102	0.00787
     3	0.00787
   181	0.00787
   375	0.00916
   293	0.00916
    91	0.00916
   393	0.00916
    11	0.00916
   436	0.00916
    45	0.00916
    87	0.00916
    10	0.00916
    64	0.00916
   145	0.00916
   310	0.00916
   715	0.00916
    21	0.00916
   202	0.00916
  1101	0.00916
   356	0.00916
   518	0.00916
    10	0.00916
  3449	0.00916
  1633	0.00916
    14	0.00916
   411	0.00916
   146	0.00916
   218	0.00916
    75	0.00916
   246	0.00916
    21	0.00916
    22	0.00916
   418	0.00916
   445	0.00916
   944	0.00916
    15	0.00916
     3	0.00916
   427	0.00916
     8	0.00916
   234	0.00916
   140	0.00916
    27	0.00916
   184	0.00916
   463	0.00916
    98	0.00916
   213	0.00916
   102	0.00916
    93	0.00916
    12	0.00916
    20	0.00916
   348	0.00916
    37	0.00916
     7	0.00916
   699	0.00916
    26	0.00916
    38	0.00916
    22	0.00916
   169	0.00916
   118	0.00916
   134	0.00916
    14	0.00916
   155	0.00916
     3	0.00916
    27	0.00916
    11	0.01043
    52	0.01043
   231	0.01043
     4	0.01043
  1125	0.01043
   650	0.01043
   572	0.01043
    34	0.01043
   101	0.01043
    29	0.01043
   229	0.01043
     4	0.01043
    83	0.01043
     9	0.01043
    79	0.01043
     3	0.01043
   174	0.01043
   173	0.01043
  1357	0.01043
   248	0.01043
     6	0.01043
   166	0.01043
     4	0.01043
    32	0.01043
    76	0.01043
    32	0.01043
   125	0.01043
   583	0.01043
   197	0.01043
   132	0.01043
   158	0.01043
    12	0.01043
    27	0.01043
   149	0.01043
    18	0.01043
   276	0.01043
   488	0.01043
    52	0.01043
   136	0.01043
    13	0.01043
     5	0.01043
    20	0.01043
   917	0.01043
    44	0.01043
   361	0.01043
   415	0.01043
    67	0.01043
    28	0.01043
     3	0.01043
   467	0.01043
   252	0.01043
    47	0.01043
   771	0.01043
   104	0.01043
    29	0.01371
   158	0.01371
    71	0.01371
   206	0.01371
    44	0.01371
   172	0.01371
    36	0.01371
    67	0.01371
     2	0.01371
   300	0.01371
  1110	0.01371
  1328	0.01371
   271	0.01371
     2	0.01371
   241	0.01371
    43	0.01371
   395	0.01371
     4	0.01371
    83	0.01371
   165	0.01371
    90	0.01371
    79	0.01371
   369	0.01371
    27	0.01371
     3	0.01371
   182	0.01371
    43	0.01371
   153	0.01371
    48	0.01371
    53	0.01371
    19	0.01371
    17	0.01371
     2	0.01371
   133	0.01371
   337	0.01371
   265	0.01371
   239	0.01371
   197	0.01371
    24	0.01371
    28	0.01371
   281	0.01371
    46	0.01371
     3	0.01371
     5	0.01371
    66	0.01204
    11	0.01204
    60	0.01204
   274	0.01204
    55	0.01204
   472	0.01204
   811	0.01204
   255	0.01204
    25	0.01204
   363	0.01204
     8	0.01204
    57	0.01204
   461	0.01204
    79	0.01204
    35	0.01204
    43	0.01204
   100	0.01204
   244	0.01204
     4	0.01204
     4	0.01204
     3	0.01204
   107	0.01204
    91	0.01204
     4	0.01204
    59	0.01204
    35	0.01204
   181	0.01204
    36	0.01204
   120	0.01204
   233	0.01204
    84	0.01204
     2	0.01204
     7	0.01204
    71	0.01204
    48	0.01204
    21	0.01204
    12	0.01204
   206	0.01204
   864	0.01204
   204	0.01204
    78	0.01204
   218	0.01204
    18	0.01204
     2	0.01204
    37	0.01204
   109	0.01204
    57	0.01204
    13	0.01204
    39	0.00963
     4	0.00963
    81	0.00963
  1364	0.00963
   508	0.00963
  2203	0.00963
     6	0.00963
   242	0.00963
     3	0.00963
  1046	0.00963
  1577	0.00963
    66	0.00963
    44	0.00963
   371	0.00963
    42	0.00963
   156	0.00963
    14	0.00963
    54	0.00963
   235	0.00963
  3729	0.00963
     5	0.00963
     2	0.00963
   264	0.00963
     7	0.00963
   865	0.00963
    50	0.00963
    19	0.00963
   185	0.00963
     5	0.00963
   203	0.00963
     2	0.00963
    46	0.00963
  1431	0.00963
    44	0.00963
   174	0.00963
   124	0.00963
     4	0.00963
  1628	0.00963
   169	0.00963
     2	0.00963
   667	0.00963
    45	0.00963
   103	0.00963
   405	0.00963
    49	0.00963
   114	0.00963
   148	0.00963
    39	0.00963
   327	0.00963
   605	0.00963
    66	0.00963
     5	0.00963
    24	0.00963
   275	0.00963
  1188	0.00963
    19	0.00963
   146	0.00963
     6	0.00963
    62	0.00963
     4	0.00963
    80	0.00963
     2	0.00963
   223	0.00963
    19	0.00963
   729	0.00963
   191	0.00963
    53	0.00963
   564	0.00963
     2	0.00963
    40	0.00963
    21	0.00963
    96	0.00963
     2	0.00963
   353	0.01198
    70	0.01198
     8	0.01198
   285	0.01198
   502	0.01198
   903	0.01198
   207	0.01198
   492	0.01198
   232	0.01198
   446	0.01198
    86	0.01198
   233	0.01198
   257	0.01198
    53	0.01198
     6	0.01198
   112	0.01198
   126	0.01198
    67	0.01198
    10	0.01198
    18	0.01198
   487	0.01198
    76	0.01198
     9	0.01198
    27	0.01198
   297	0.01198
    36	0.01198
    21	0.01198
    65	0.01198
    10	0.01198
   134	0.01198
    16	0.01198
     2	0.01198
  2230	0.01198
   171	0.01198
   887	0.01198
    53	0.01198
   227	0.01198
   520	0.01198
   203	0.01198
    60	0.01198
    76	0.01198
   252	0.01198
   187	0.01198
   269	0.01198
    44	0.01198
   118	0.01198
   147	0.01198
   233	0.01198
   168	0.01198
    40	0.01198
     6	0.01198
    73	0.01198
     5	0.01198
    91	0.01198
   686	0.01198
   628	0.01198
   3314151
   18
