 310
     4	0.00221
     8	0.00221
   216	0.00221
    10	0.00221
   932	0.00221
  2785	0.00221
    35	0.00221
   262	0.00221
     3	0.00221
  3049	0.00221
  5160	0.00221
  1075	0.00221
   435	0.00221
  7879	0.00221
  1249	0.00221
  9722	0.00221
  4510	0.00221
 45426	0.00221
  8679	0.00221
   110	0.00221
  2362	0.00221
   370	0.00221
  1322	0.00221
    38	0.00221
   906	0.00221
  2259	0.00221
   978	0.00221
    18	0.00221
    47	0.00221
    74	0.00221
     8	0.00221
  1619	0.00221
   436	0.00221
   539	0.00221
  2994	0.00221
    51	0.00221
  1326	0.00221
   373	0.00221
   326	0.00221
     6	0.00221
   905	0.00221
     6	0.00221
  5000	0.00221
   164	0.00221
   163	0.00221
   676	0.00221
   586	0.00221
    10	0.00310
    91	0.00310
  1564	0.00310
   571	0.00310
   674	0.00310
    37	0.00310
  1550	0.00310
     3	0.00310
    27	0.00310
  3300	0.00310
     4	0.00310
  1153	0.00310
     4	0.00310
  1455	0.00310
  2019	0.00310
   192	0.00310
    23	0.00310
    56	0.00310
  1413	0.00310
  1295	0.00310
    20	0.00310
   318	0.00310
    47	0.00310
   303	0.00310
   132	0.00310
     3	0.00310
   731	0.00310
  2850	0.00310
    89	0.00310
   265	0.00310
   467	0.00310
   830	0.00310
   476	0.00310
  1027	0.00310
   798	0.00310
   745	0.00310
    41	0.00310
   124	0.00310
   566	0.00310
    66	0.00310
  2802	0.00310
  2756	0.00310
   972	0.00310
   399	0.00310
    29	0.00310
  3577	0.00310
  1378	0.00310
   149	0.00310
   288	0.00310
   886	0.00310
   188	0.00310
   648	0.00310
    24	0.00310
    73	0.00310
    20	0.00310
   653	0.00310
     7	0.00310
  3949	0.00310
    75	0.00310
    17	0.00310
    14	0.00310
  1624	0.00310
  2780	0.00310
  7143	0.00310
     3	0.00310
  5481	0.00310
   753	0.00310
    66	0.00310
 14215	0.00310
  1540	0.00310
   534	0.00310
   708	0.00310
    11	0.00310
  2156	0.00310
   356	0.00218
    22	0.00218
    25	0.00218
  4051	0.00218
  2540	0.00218
   740	0.00218
    23	0.00218
     4	0.00218
    85	0.00218
  8789	0.00218
  3825	0.00218
     2	0.00218
    95	0.00218
  3048	0.00218
  2677	0.00218
  1261	0.00218
  2165	0.00218
   101	0.00218
    12	0.00218
   451	0.00218
    17	0.00218
  1277	0.00218
  1511	0.00218
    82	0.00218
  2021	0.00218
  2736	0.00218
    52	0.00218
   972	0.00218
  2137	0.00218
    33	0.00218
  1176	0.00218
  4491	0.00218
  3259	0.00218
  1782	0.00218
   603	0.00218
  2808	0.00218
  1631	0.00218
    86	0.00218
   142	0.00218
   817	0.00218
     2	0.00218
    11	0.00218
   431	0.00218
   676	0.00218
  4260	0.00218
  1342	0.00218
  1679	0.00218
     3	0.00218
  1133	0.00218
   132	0.00218
   103	0.00218
 14202	0.00218
   174	0.00218
  1203	0.00218
  3658	0.00218
    36	0.00218
   186	0.00218
   694	0.00218
  4089	0.00218
   834	0.00218
    33	0.00218
     9	0.00218
  3390	0.00218
  2609	0.00218
  3539	0.00218
    10	0.00312
     8	0.00312
   123	0.00312
    24	0.00312
   421	0.00312
  8715	0.00312
  2770	0.00312
    24	0.00312
    33	0.00312
   136	0.00312
  2160	0.00312
   620	0.00312
   222	0.00312
  1321	0.00312
    17	0.00312
   351	0.00312
  1795	0.00312
  1446	0.00312
    30	0.00312
   295	0.00312
   260	0.00312
    39	0.00312
   617	0.00312
   243	0.00312
   439	0.00312
   467	0.00312
   163	0.00312
  4761	0.00312
  2224	0.00312
   200	0.00312
    15	0.00312
   145	0.00312
   214	0.00312
   282	0.00312
   162	0.00312
  1143	0.00312
   669	0.00312
   997	0.00312
   885	0.00312
   161	0.00312
  2578	0.00312
 10828	0.00312
   250	0.00312
    18	0.00312
  6516	0.00312
  2546	0.00312
   435	0.00312
    37	0.00312
   164	0.00312
   700	0.00312
  1963	0.00312
    13	0.00312
   539	0.00312
  5188	0.00312
    71	0.00312
   171	0.00312
    12	0.00312
  5064	0.00312
  2464	0.00312
   446	0.00312
   208	0.00312
  2806	0.00312
   809	0.00312
    43	0.00312
  1783	0.00312
   386	0.00312
  2744	0.00312
   648	0.00312
  1016	0.00312
     2	0.00560
    40	0.00560
    72	0.00560
   303	0.00560
   118	0.00560
    63	0.00560
   521	0.00560
   223	0.00560
   945	0.00560
  1036	0.00560
  1177	0.00560
  5618	0.00560
 13102	0.00560
   142	0.00560
    49	0.00560
    76	0.00560
    48	0.00560
    29	0.00560
  1364	0.00560
  1025	0.00560
  2530	0.00560
   135	0.00560
   615	0.00560
 12023	0.00560
   318	0.00560
   119	0.00560
   560	0.00560
   189	0.00560
   379	0.00560
    29	0.00560
     7	0.00560
   174	0.00560
   346	0.00560
  3886	0.00560
     4	0.00560
   717	0.00560
    27	0.00560
   342	0.00560
    63	0.00560
    53	0.00560
  3175	0.00560
   501	0.00560
   238	0.00560
   807	0.00560
  7754	0.00560
  5628	0.00560
    19	0.00560
  8126	0.00560
  1591	0.00560
   139	0.00560
   502	0.00560
   648	0.00560
     4	0.00560
  9616	0.00560
   831	0.00560
   1208621
   23
