 269
 40313	0.00016
  1537	0.00016
 30997	0.00016
 39178	0.00016
  3751	0.00016
 86253	0.00016
  7275	0.00016
 30261	0.00016
    41	0.00034
 51878	0.00034
  1545	0.00034
  9023	0.00034
     2	0.00034
 34824	0.00034
   635	0.00034
     3	0.00034
   366	0.00034
    21	0.00034
     2	0.00034
 22858	0.00034
 12929	0.00034
  1699	0.00034
   174	0.00034
 58511	0.00034
  8792	0.00034
   733	0.00034
  2840	0.00034
  2950	0.00034
     9	0.00034
     4	0.00045
  9742	0.00045
  1205	0.00045
  1214	0.00045
  2619	0.00045
  3561	0.00045
  1385	0.00045
    17	0.00045
 10259	0.00045
 19843	0.00045
    37	0.00045
   542	0.00045
  3903	0.00045
 21742	0.00045
     5	0.00045
 13508	0.00045
    11	0.00045
   586	0.00045
     7	0.00045
  2039	0.00045
  1696	0.00045
    37	0.00045
     2	0.00045
  2346	0.00045
 10560	0.00045
  8080	0.00045
  2275	0.00045
  3054	0.00045
  3723	0.00045
 12121	0.00045
   301	0.00045
  1583	0.00045
   165	0.00045
    29	0.00045
    98	0.00045
   280	0.00053
  1755	0.00053
  7023	0.00053
   338	0.00053
   483	0.00053
    82	0.00053
  2177	0.00053
   967	0.00053
     2	0.00053
 10364	0.00053
 17951	0.00053
  3503	0.00053
    30	0.00053
  5018	0.00053
  1725	0.00053
  2471	0.00053
   311	0.00053
    48	0.00053
   588	0.00053
 11959	0.00053
  2311	0.00053
   166	0.00053
  5837	0.00053
     2	0.00053
  1708	0.00053
 12995	0.00053
  3299	0.00053
    23	0.00053
   420	0.00053
   112	0.00053
  1944	0.00053
   997	0.00053
  2038	0.00053
   177	0.00053
  2568	0.00053
  3448	0.00053
  2340	0.00053
  2545	0.00053
  5706	0.00053
  7597	0.00053
   250	0.00053
 11782	0.00053
    51	0.00053
  1870	0.00053
  2609	0.00053
  1164	0.00053
    52	0.00053
  2011	0.00053
  2610	0.00053
 11472	0.00053
  2094	0.00053
   709	0.00053
    83	0.00072
  2733	0.00072
  1391	0.00072
  2689	0.00072
    93	0.00072
    17	0.00072
   450	0.00072
  3773	0.00072
     2	0.00072
   406	0.00072
   260	0.00072
     4	0.00072
   437	0.00072
   165	0.00072
  3443	0.00072
   533	0.00072
    73	0.00072
    57	0.00072
   387	0.00072
  2068	0.00072
 11418	0.00072
     9	0.00072
     3	0.00072
  3781	0.00072
 10829	0.00072
    25	0.00072
   884	0.00072
 13705	0.00072
  4682	0.00072
  2183	0.00072
   126	0.00072
    37	0.00072
   810	0.00072
    16	0.00072
  1507	0.00072
  3138	0.00072
  8510	0.00072
  4474	0.00072
  1880	0.00072
  1219	0.00072
  2185	0.00072
     2	0.00072
    22	0.00072
  5028	0.00072
  3644	0.00072
   157	0.00072
  1588	0.00072
   131	0.00072
 19065	0.00072
     2	0.00072
  4683	0.00072
   672	0.00072
   961	0.00072
   944	0.00072
   875	0.00072
   827	0.00072
   150	0.00068
     7	0.00068
   409	0.00068
  3412	0.00068
   588	0.00068
  2459	0.00068
  9581	0.00068
  1302	0.00068
  8528	0.00068
    18	0.00068
  2569	0.00068
   698	0.00068
  2665	0.00068
   631	0.00068
  1579	0.00068
  3666	0.00068
  7747	0.00068
  1669	0.00068
  3563	0.00068
     2	0.00068
  1187	0.00068
    11	0.00068
   714	0.00068
    81	0.00068
   967	0.00068
     5	0.00068
   201	0.00068
  2858	0.00068
    10	0.00068
    12	0.00068
  3719	0.00068
    27	0.00068
  1014	0.00068
  1595	0.00068
 19712	0.00068
  8547	0.00068
     4	0.00068
    71	0.00068
  1494	0.00068
 13364	0.00068
  1549	0.00068
   154	0.00068
    81	0.00068
    24	0.00068
  1494	0.00068
   376	0.00068
 13239	0.00068
    18	0.00068
   909	0.00068
   470	0.00068
  1059	0.00068
   159	0.00068
    76	0.00068
   666	0.00068
   907	0.00068
  2472	0.00068
   253	0.00068
     3	0.00068
   125	0.00068
  1122	0.00068
     7	0.00068
  4536	0.00068
  1084	0.00060
  3163	0.00060
   964	0.00060
  2749	0.00060
  1460	0.00060
   980	0.00060
   532	0.00060
   397	0.00060
   180	0.00060
   194	0.00060
  1615	0.00060
  2084	0.00060
   870	0.00060
     2	0.00060
  1288	0.00060
   278	0.00060
 20540	0.00060
   603	0.00060
  2323	0.00060
  2015	0.00060
   548	0.00060
   347	0.00060
   357	0.00060
  1448	0.00060
   947	0.00060
    28	0.00060
  2879	0.00060
  1003	0.00060
  4235	0.00060
  2901	0.00060
    30	0.00060
  1150	0.00060
  1540	0.00060
  5233	0.00060
 20784	0.00060
   1768582
   12
