 101
     6	0.00115
  1861	0.00115
   198	0.00115
     7	0.00115
 10407	0.00115
   534	0.00115
    48	0.00115
  2053	0.00115
    52	0.00115
     6	0.00115
   170	0.00115
     7	0.00115
     9	0.00115
  1386	0.00115
  3499	0.00115
 16332	0.00115
     5	0.00115
  1546	0.00115
  8429	0.00115
 10749	0.00115
     8	0.00115
   127	0.00115
     8	0.00115
  5518	0.00115
   808	0.00115
  1095	0.00115
    59	0.00115
   726	0.00115
   275	0.00115
     3	0.00115
   484	0.00115
    62	0.00115
  2359	0.00115
    79	0.00115
    14	0.00115
  1063	0.00115
  3727	0.00115
   978	0.00115
   152	0.00115
   119	0.00115
   129	0.00115
    51	0.00115
  3600	0.00115
    22	0.00115
  9131	0.00115
    53	0.00115
  9585	0.00115
    22	0.00115
     3	0.00115
    82	0.00115
 29588	0.00115
  2066	0.00115
 13236	0.00115
   577	0.00115
   231	0.00115
    88	0.00115
  6560	0.00115
  3616	0.00115
  9501	0.00115
  1340	0.00115
  4934	0.00115
   697	0.00115
    40	0.00115
   469	0.00115
  1390	0.00115
   129	0.00115
  8894	0.00115
    22	0.00115
   140	0.00115
   162	0.00115
   127	0.00115
   255	0.00115
    14	0.00115
   458	0.00115
     8	0.00115
  5359	0.00115
    22	0.00115
  4392	0.00115
  1626	0.00115
  2746	0.00115
  9137	0.00115
  1536	0.00115
  1296	0.00115
  1637	0.00115
   145	0.00115
    71	0.00115
  3072	0.00115
   288	0.00115
  1291	0.00115
 16606	0.00115
    48	0.00115
     9	0.00115
   119	0.00115
   333	0.00115
    18	0.00115
   522	0.00115
    82	0.00115
   721	0.00115
    79	0.00115
   273	0.00115
    10	0.00115
    394367
   23
