 371
    16	0.00960
   277	0.00960
     8	0.00960
    96	0.00960
    13	0.00960
   224	0.00960
    60	0.00960
    13	0.00960
    13	0.00960
    30	0.00960
  1264	0.00960
  2941	0.00960
    95	0.00960
   186	0.00960
    29	0.00960
    59	0.00960
   143	0.00960
   244	0.00960
     8	0.00960
   192	0.00960
     4	0.00960
     8	0.00960
   137	0.00960
   359	0.00960
    16	0.00960
   175	0.00960
   130	0.00960
   118	0.00960
    14	0.00960
   119	0.00960
    19	0.00960
   123	0.00960
   192	0.00960
    22	0.00960
    13	0.00960
    86	0.00960
   206	0.00960
    35	0.00960
    95	0.00960
   186	0.00960
    29	0.00960
    14	0.00960
  1348	0.00960
    74	0.00960
     2	0.00960
    23	0.00960
    40	0.00960
     3	0.00960
    36	0.00960
    16	0.00960
   223	0.00960
     4	0.00960
    31	0.01076
     7	0.01076
    31	0.01076
     5	0.01076
    13	0.01076
   149	0.01076
    29	0.01076
    26	0.01076
    13	0.01076
   305	0.01076
     2	0.01076
     5	0.01076
    21	0.01076
    11	0.01076
     6	0.01076
   182	0.01076
     3	0.01076
   100	0.01076
    82	0.01076
    10	0.01076
   146	0.01076
    92	0.01076
    29	0.01076
     7	0.01076
    47	0.01076
   118	0.01076
   775	0.01076
    11	0.01076
    10	0.01076
    24	0.01076
   163	0.01076
    65	0.01076
   168	0.01076
    16	0.01076
    16	0.01076
   185	0.01076
     9	0.01076
   146	0.01076
    13	0.01076
    57	0.01076
    31	0.01076
    10	0.01076
    47	0.01076
   244	0.01076
   149	0.01076
     9	0.01076
   390	0.01076
   129	0.01076
    20	0.01076
     9	0.01076
     8	0.01076
    30	0.01076
    82	0.01076
    28	0.01076
     7	0.01076
     4	0.01076
     7	0.01076
    36	0.01076
    15	0.01076
     7	0.01076
   163	0.01076
     6	0.01076
   358	0.01076
   133	0.01076
   382	0.01076
    11	0.01076
    34	0.01076
     3	0.01076
     8	0.01076
    18	0.00839
   120	0.00839
    35	0.00839
     8	0.00839
    45	0.00839
     7	0.00839
   165	0.00839
   121	0.00839
  1531	0.00839
     9	0.00839
   803	0.00839
   264	0.00839
   168	0.00839
   196	0.00839
   476	0.00839
   173	0.00839
   385	0.00839
   131	0.00839
    18	0.00839
    25	0.00839
     4	0.00839
   223	0.00839
    16	0.00839
   243	0.00839
   106	0.00839
     7	0.00839
   201	0.00839
    97	0.00839
    19	0.00839
    99	0.00839
     7	0.00839
    11	0.00839
    15	0.00839
   277	0.00839
    99	0.00839
    99	0.00839
    75	0.00839
     3	0.00839
   125	0.00839
    23	0.00839
     8	0.00839
    37	0.00839
     4	0.00839
    99	0.00839
   318	0.00839
     5	0.00839
    27	0.00839
    78	0.00839
    43	0.00839
     8	0.00839
     5	0.00839
   108	0.00839
   165	0.00839
    52	0.00839
    73	0.00839
    28	0.00839
   173	0.00839
   125	0.00839
  1133	0.00839
    41	0.00839
    12	0.00839
   462	0.00629
    13	0.00629
   772	0.00629
   174	0.00629
     7	0.00629
   833	0.00629
     8	0.00629
   213	0.00629
    13	0.00629
   421	0.00629
    36	0.00629
   259	0.00629
    84	0.00629
   231	0.00629
    53	0.00629
    17	0.00629
   998	0.00629
   363	0.00629
    44	0.00629
    34	0.00629
   392	0.00629
   100	0.00629
    47	0.00629
   228	0.00629
    13	0.00629
   233	0.00629
   250	0.00629
     5	0.00629
    18	0.00629
    31	0.00629
     7	0.00629
   393	0.00629
   100	0.00629
   917	0.00629
   550	0.00629
   125	0.00629
     3	0.00629
    37	0.00629
    67	0.00629
   231	0.00629
   410	0.00629
    13	0.00629
   119	0.00629
     6	0.00629
   340	0.00629
   980	0.00629
     2	0.00629
     4	0.00629
    13	0.00629
     4	0.00629
    14	0.00629
    21	0.00629
    54	0.00629
   919	0.00629
    55	0.00629
   340	0.00629
   980	0.00629
    34	0.00629
   392	0.00629
  1979	0.00629
  8679	0.00629
    61	0.00629
    41	0.00629
   138	0.00629
    46	0.00629
     3	0.00629
    25	0.00629
   265	0.00629
    19	0.00629
   387	0.00629
   290	0.00629
    12	0.00629
    17	0.00629
   476	0.00629
    80	0.00629
    37	0.00629
    81	0.00629
    10	0.00629
    31	0.00629
    54	0.00629
   186	0.00629
     6	0.00629
     2	0.00629
    99	0.00629
    71	0.00629
    81	0.00629
     5	0.00629
   117	0.00629
     2	0.00629
    86	0.00629
   184	0.00629
    82	0.00629
    45	0.00629
    19	0.00629
     2	0.00629
   116	0.00629
    43	0.00629
    63	0.00629
    68	0.00629
    19	0.00629
     3	0.00629
    43	0.00629
    63	0.00629
    21	0.00629
   330	0.00629
   982	0.00629
   421	0.00629
    14	0.00629
    12	0.00629
    17	0.00629
   476	0.00629
  1438	0.00629
    40	0.00629
    67	0.00629
   179	0.00629
   171	0.00629
    24	0.00629
    64	0.00629
    15	0.00629
   410	0.00629
    56	0.00629
    13	0.00629
    43	0.00629
    29	0.00913
   275	0.00913
   114	0.00913
    49	0.00913
    20	0.00913
    36	0.00913
   162	0.00913
    11	0.00913
    15	0.00913
     5	0.00913
   473	0.00913
     2	0.00913
    40	0.00913
    24	0.00913
    46	0.00913
   305	0.00913
    23	0.00913
    15	0.00913
   817	0.00913
     5	0.00913
   541	0.00913
    37	0.00913
     2	0.00913
    32	0.00913
    28	0.00913
   229	0.00913
     7	0.00913
    22	0.00913
     3	0.00913
    22	0.00913
   161	0.00913
   166	0.00913
   105	0.00913
   378	0.00913
     5	0.00913
  2394	0.00913
   475	0.00913
     3	0.00913
   998	0.00913
    19	0.00913
     9	0.00913
     4	0.00913
    27	0.00913
    45	0.00913
    68	0.00913
   170	0.00913
    45	0.00913
    20	0.00913
   182	0.00913
   278	0.00913
   599	0.00913
   229	0.00913
  2398	0.00913
   105	0.00913
   132	0.00913
     2	0.00913
    19	0.00913
    28	0.00913
     3	0.00913
    75	0.00913
   209	0.00913
   404	0.00913
   444	0.00913
   841	0.00913
    22	0.00913
   224	0.00913
   1208621
   18
