 682
164990	0.00028
  8758	0.00028
  5122	0.00028
   146	0.00028
     3	0.00028
  8049	0.00028
  1090	0.00028
  1324	0.00028
   545	0.00028
 10481	0.00028
  1818	0.00028
  2214	0.00028
     5	0.00028
     5	0.00028
    11	0.00028
   467	0.00028
  1956	0.00027
  5584	0.00027
     2	0.00027
  2182	0.00027
  3915	0.00027
    19	0.00027
   278	0.00027
   103	0.00027
   117	0.00027
   912	0.00027
  3536	0.00027
  3354	0.00027
  1510	0.00027
  3120	0.00027
  5229	0.00027
  4659	0.00027
   863	0.00027
     8	0.00027
     3	0.00027
 11484	0.00027
  6252	0.00027
 11842	0.00027
  8219	0.00027
  1230	0.00040
  1306	0.00040
   838	0.00040
  2043	0.00040
     9	0.00040
  1921	0.00040
  1544	0.00040
  1238	0.00040
  2125	0.00040
   106	0.00040
  6597	0.00040
117072	0.00040
  2530	0.00040
     9	0.00040
  2841	0.00040
   207	0.00040
    10	0.00040
  1188	0.00040
   145	0.00040
   500	0.00040
   450	0.00040
   575	0.00040
   391	0.00040
    19	0.00040
    41	0.00040
     9	0.00040
  6836	0.00031
  6177	0.00031
  2525	0.00031
   140	0.00031
    35	0.00031
     2	0.00031
  2452	0.00031
  1071	0.00031
  5081	0.00031
  1669	0.00031
    19	0.00031
  4664	0.00031
   269	0.00031
    52	0.00031
    56	0.00031
    14	0.00031
  1473	0.00031
   159	0.00031
  1720	0.00031
  1164	0.00031
  5890	0.00031
    10	0.00031
  1062	0.00031
   257	0.00034
     7	0.00034
   532	0.00034
    21	0.00034
     6	0.00034
     3	0.00034
  3435	0.00034
  5302	0.00034
     2	0.00034
  3784	0.00034
  5961	0.00034
   204	0.00034
     9	0.00034
   391	0.00034
 10483	0.00034
  3568	0.00034
   277	0.00034
  3203	0.00034
    83	0.00034
  9499	0.00034
     3	0.00034
   590	0.00034
   997	0.00034
  2949	0.00034
    16	0.00034
    50	0.00034
  2585	0.00034
  2313	0.00034
  3313	0.00034
  4815	0.00034
   346	0.00034
    10	0.00043
  5222	0.00043
   598	0.00043
   289	0.00043
  2796	0.00043
  3696	0.00043
     5	0.00043
   794	0.00043
   131	0.00043
  1711	0.00043
  2274	0.00043
     3	0.00043
     9	0.00043
  7016	0.00043
  1919	0.00043
  1034	0.00043
  1959	0.00043
  6382	0.00043
     2	0.00043
 14577	0.00043
  8605	0.00043
  3168	0.00043
   216	0.00043
 11675	0.00043
   106	0.00043
    22	0.00043
    16	0.00043
  6056	0.00043
  7826	0.00033
  3500	0.00033
   747	0.00033
     2	0.00033
  1081	0.00033
 10213	0.00033
  5788	0.00033
   575	0.00033
 30171	0.00033
 31487	0.00033
    99	0.00033
  2838	0.00033
   105	0.00033
  4719	0.00033
 14241	0.00033
     2	0.00033
    53	0.00033
  1032	0.00033
   226	0.00033
  4645	0.00033
  1834	0.00033
    13	0.00033
   346	0.00035
    82	0.00035
  2602	0.00035
  3863	0.00035
    79	0.00035
  3676	0.00035
  3194	0.00035
  1822	0.00035
  2134	0.00035
  6791	0.00035
   963	0.00035
  1580	0.00035
 12401	0.00035
    37	0.00035
  8942	0.00035
   407	0.00035
  1403	0.00035
 11519	0.00035
   368	0.00035
  3021	0.00035
   174	0.00035
    42	0.00035
  3224	0.00035
   797	0.00035
   267	0.00035
   813	0.00035
  3001	0.00035
    53	0.00035
  1549	0.00035
   131	0.00035
    25	0.00035
     5	0.00035
  6850	0.00032
  2519	0.00032
   419	0.00032
    37	0.00032
   585	0.00032
  1766	0.00032
  1491	0.00032
  2261	0.00032
  2075	0.00032
   238	0.00032
   202	0.00032
     3	0.00032
  5599	0.00032
  3228	0.00032
     7	0.00032
    48	0.00032
  2053	0.00032
  3541	0.00032
     7	0.00032
  3050	0.00032
  1941	0.00032
     4	0.00032
     2	0.00032
   315	0.00032
     8	0.00032
  6316	0.00032
  3772	0.00032
  1028	0.00032
  2833	0.00032
   161	0.00032
     3	0.00032
  9565	0.00042
     3	0.00042
  1610	0.00042
  5200	0.00042
  2523	0.00042
    28	0.00042
  2716	0.00042
     5	0.00042
  1274	0.00042
     2	0.00042
   386	0.00042
   914	0.00042
  3218	0.00042
  1423	0.00042
  5020	0.00042
   959	0.00042
  2716	0.00042
     4	0.00042
  2714	0.00042
    85	0.00042
   178	0.00042
  1412	0.00042
    44	0.00042
    37	0.00042
  5845	0.00042
  6595	0.00042
     4	0.00042
   187	0.00042
   216	0.00042
     8	0.00042
  1593	0.00042
   110	0.00042
    29	0.00042
  1516	0.00086
  8299	0.00086
  4583	0.00086
  2162	0.00086
   285	0.00086
  2251	0.00086
   377	0.00086
     6	0.00086
    91	0.00086
    76	0.00086
     5	0.00086
  4512	0.00086
    17	0.00086
     9	0.00086
   425	0.00086
  1774	0.00086
     3	0.00086
   776	0.00086
     3	0.00086
  1897	0.00086
    18	0.00086
  1108	0.00086
  4800	0.00086
     3	0.00086
  1849	0.00086
   828	0.00086
    81	0.00086
   504	0.00086
  2022	0.00086
   327	0.00086
    26	0.00086
   769	0.00086
     3	0.00086
   869	0.00086
  1203	0.00086
     9	0.00086
   743	0.00086
   816	0.00086
   283	0.00086
   293	0.00086
   293	0.00086
   140	0.00086
     3	0.00086
     6	0.00086
   281	0.00086
   827	0.00086
    62	0.00086
     9	0.00086
  1501	0.00086
   946	0.00086
 10502	0.00086
    14	0.00086
   210	0.00086
    18	0.00086
     9	0.00086
   743	0.00086
   605	0.00092
   582	0.00092
    14	0.00092
  6313	0.00092
  5210	0.00092
  2207	0.00092
  5134	0.00092
    16	0.00092
    31	0.00092
     6	0.00092
   106	0.00092
   188	0.00092
   805	0.00092
  1267	0.00092
   783	0.00092
  1572	0.00092
   408	0.00092
  1556	0.00092
   188	0.00092
  6391	0.00092
  5335	0.00092
    91	0.00092
  1676	0.00092
  6524	0.00092
    94	0.00092
  4845	0.00092
  1212	0.00092
    21	0.00092
   493	0.00092
   563	0.00092
    76	0.00092
  2371	0.00092
  2882	0.00092
   822	0.00092
  1710	0.00092
   278	0.00092
  7988	0.00092
   239	0.00092
   104	0.00092
    41	0.00092
  1010	0.00092
   433	0.00092
   205	0.00092
     8	0.00092
    45	0.00092
   221	0.00092
    12	0.00092
    56	0.00092
   112	0.00092
   217	0.00262
  4959	0.00262
   116	0.00262
    92	0.00262
     2	0.00262
   263	0.00262
     6	0.00262
     2	0.00262
   417	0.00262
    17	0.00262
   103	0.00262
     6	0.00262
  4534	0.00262
    83	0.00262
    10	0.00262
     2	0.00262
   234	0.00262
   382	0.00262
    82	0.00262
     3	0.00262
  1526	0.00262
     9	0.00262
    16	0.00262
   120	0.00262
   118	0.00262
    21	0.00262
   211	0.00262
   112	0.00262
     4	0.00262
   245	0.00262
  2599	0.00262
  6986	0.00262
    20	0.00262
   320	0.00262
  1142	0.00262
   237	0.00262
   816	0.00262
    58	0.00262
   774	0.00262
    26	0.00262
    19	0.00262
   962	0.00262
    64	0.00262
   589	0.00262
   408	0.00262
    71	0.00262
   997	0.00262
    14	0.00262
    92	0.00262
   163	0.00262
    77	0.00262
    12	0.00262
  2542	0.00262
  2162	0.00262
    43	0.00262
    34	0.00262
     9	0.00262
   285	0.00262
  2033	0.00262
   107	0.00262
   185	0.00262
     2	0.00262
   214	0.00262
    30	0.00262
  1594	0.00555
     3	0.00555
   496	0.00555
     2	0.00555
   192	0.00555
     4	0.00555
     6	0.00555
   420	0.00555
     4	0.00555
     2	0.00555
   327	0.00555
    62	0.00555
   998	0.00555
     3	0.00555
     3	0.00555
     2	0.00555
   119	0.00555
     4	0.00555
   378	0.00555
  5658	0.00555
   549	0.00555
     2	0.00555
   565	0.00555
   374	0.00555
   237	0.00555
  2676	0.00555
   221	0.00555
    67	0.00555
    31	0.00555
    15	0.00555
  2696	0.00555
     3	0.00555
   825	0.00555
    10	0.00555
     4	0.00555
     2	0.00555
     6	0.00555
    14	0.00555
   114	0.00555
   593	0.00555
   318	0.00555
   514	0.00555
    98	0.00555
   231	0.00555
     2	0.00555
     8	0.00555
    29	0.00555
    31	0.00555
   230	0.00555
   934	0.00555
    22	0.00555
   564	0.00555
   896	0.00555
     4	0.00889
    24	0.00889
    21	0.00889
   281	0.00889
  1110	0.00889
   484	0.00889
    70	0.00889
    53	0.00889
    90	0.00889
   169	0.00889
    76	0.00889
    23	0.00889
   356	0.00889
    20	0.00889
    78	0.00889
    54	0.00889
   608	0.00889
    21	0.00889
    19	0.00889
   193	0.00889
    16	0.00889
     5	0.00889
    71	0.00889
    73	0.00889
   183	0.00889
   373	0.00889
    40	0.00889
   823	0.01765
   263	0.01765
   542	0.01765
   300	0.01765
   790	0.01765
   230	0.01765
   129	0.01765
    35	0.01765
   151	0.01765
   436	0.01765
   252	0.01765
   959	0.01765
   824	0.01765
    81	0.01765
   123	0.01765
    31	0.01765
   277	0.01765
   305	0.01765
  1068	0.01765
  1218	0.01765
    11	0.01765
    23	0.01765
   344	0.01765
   171	0.01765
   100	0.01765
   805	0.01765
   339	0.01765
   284	0.01765
   137	0.01765
    70	0.01765
   393	0.01765
   523	0.01765
   418	0.01765
   151	0.01765
    80	0.01765
    84	0.01765
   181	0.01765
    66	0.01765
   607	0.01765
    90	0.01765
   251	0.01765
   192	0.01765
    80	0.01765
    10	0.01765
    32	0.01765
    24	0.01765
   507	0.01765
   244	0.01765
   339	0.01765
   231	0.01765
    39	0.01765
   714	0.01765
   587	0.01765
    88	0.01765
    47	0.01765
   412	0.01765
     6	0.01765
   614	0.01765
    65	0.01765
   155	0.01765
     7	0.01765
    76	0.01765
   448	0.01765
   145	0.01765
    70	0.01765
  2357	0.01765
   483	0.01765
   251	0.01765
   304	0.01765
   157	0.01765
    54	0.01765
   467	0.01765
   537	0.01765
    12	0.01765
     6	0.01765
   454	0.01765
   966	0.01765
  1619	0.01765
   452	0.01765
    37	0.01765
   201	0.01765
  1369	0.01765
   256	0.01765
     9	0.01765
   337	0.01765
   158	0.01765
    82	0.01765
   116	0.01765
   197	0.01765
    71	0.01765
    22	0.01765
    43	0.01765
   547	0.01765
   573	0.01765
   148	0.01765
     2	0.01765
   894	0.01765
   668	0.01765
   228	0.01765
   158	0.01765
    98	0.01765
   572	0.01765
    23	0.01765
   139	0.01765
   429	0.01765
    70	0.01765
   194	0.01765
   182	0.01765
   133	0.01765
   524	0.01765
     8	0.01765
    63	0.01765
    90	0.01765
     2	0.01765
   137	0.01765
   476	0.01765
   168	0.01765
    75	0.01765
     3	0.01765
   293	0.01765
   227	0.01765
   265	0.01765
    35	0.01765
   303	0.01765
  1187	0.01765
   133	0.01765
   356	0.01765
    18	0.01765
    55	0.01765
  1945	0.00961
   301	0.00961
    18	0.00961
   473	0.00961
  1175	0.00961
    38	0.00961
  4367	0.00961
   209	0.00961
   269	0.00961
   482	0.00961
    84	0.00961
   103	0.00961
   209	0.00961
   172	0.00961
    67	0.00961
   530	0.00961
    12	0.00961
    95	0.00961
    81	0.00961
   405	0.00961
   409	0.00961
   720	0.00961
   259	0.00961
  1201	0.00961
    22	0.00961
    86	0.00961
   921	0.00961
    15	0.00961
    14	0.00961
   148	0.00961
   254	0.00961
  4888	0.00961
   952	0.00961
   188	0.00961
    45	0.00961
    27	0.00961
    91	0.00961
     4	0.00961
   146	0.00961
   4313636
   17
