 354
     8	0.01569
   282	0.01569
   209	0.01569
   289	0.01569
    99	0.01569
     3	0.01569
  2342	0.01569
    99	0.01569
    22	0.01569
   193	0.01569
     4	0.01569
     8	0.01569
    27	0.01569
   259	0.01569
   846	0.01569
   130	0.01569
    16	0.01569
   102	0.01569
   498	0.01569
   368	0.01569
   272	0.01569
   128	0.01569
     8	0.01569
    67	0.01569
   286	0.01569
    95	0.01569
    22	0.01569
    11	0.01569
    10	0.01569
     4	0.01569
  7429	0.01569
   133	0.01569
  1296	0.01569
    12	0.01569
  1306	0.01569
    26	0.01781
    10	0.01781
   221	0.01781
   787	0.01781
   139	0.01781
    26	0.01781
     4	0.01781
   199	0.01781
   107	0.01781
    60	0.01781
  2744	0.01781
  2839	0.01781
     2	0.01781
     3	0.01781
    37	0.01781
    34	0.01781
     7	0.01781
    11	0.01781
   141	0.01781
    12	0.01781
    22	0.01781
     2	0.01781
   190	0.01781
   280	0.01781
    11	0.01781
    97	0.01781
   136	0.01781
    53	0.01781
   187	0.01781
   223	0.01781
   424	0.01781
     4	0.01781
    18	0.01781
    25	0.01781
     5	0.01781
     2	0.01781
     2	0.01781
     3	0.01781
   415	0.01781
   299	0.01781
    12	0.01781
   379	0.01781
     2	0.01781
  2684	0.01781
   108	0.01781
    31	0.01781
     3	0.01781
    21	0.01781
     8	0.01781
    77	0.01781
    17	0.01781
    15	0.01781
   205	0.01781
     7	0.01781
    28	0.01781
   149	0.01781
    45	0.01781
   235	0.01781
     5	0.01781
    22	0.01781
     2	0.01781
   212	0.01322
    21	0.01322
   181	0.01322
   103	0.01322
     6	0.01322
     3	0.01322
   508	0.01322
    13	0.01322
   294	0.01322
    56	0.01322
    44	0.01322
   490	0.01322
    91	0.01322
  1005	0.01322
     2	0.01322
   127	0.01322
    34	0.01322
   108	0.01322
    78	0.01322
   424	0.01322
    49	0.01322
     2	0.01322
   154	0.01322
   175	0.01322
   320	0.01322
   547	0.01322
   437	0.01322
    94	0.01322
    53	0.01322
    40	0.01322
     4	0.01322
   427	0.01322
  3753	0.01322
   250	0.01322
     2	0.01322
    22	0.01322
    70	0.01322
   280	0.01322
    78	0.01322
     3	0.01322
   523	0.01322
   503	0.01322
    69	0.01322
    53	0.01322
    12	0.01322
     2	0.01322
    55	0.01322
   255	0.01322
    34	0.01322
   932	0.00813
    72	0.00813
   127	0.00813
    13	0.00813
     7	0.00813
   402	0.00813
  8146	0.00813
   201	0.00813
   104	0.00813
   146	0.00813
     2	0.00813
    15	0.00813
    39	0.00813
   241	0.00813
   176	0.00813
     6	0.00813
    13	0.00813
    32	0.00813
   270	0.00813
   303	0.00813
     3	0.00813
  1033	0.00813
    25	0.00813
  1543	0.00813
     4	0.00813
     2	0.00813
     7	0.00813
   115	0.00813
  1411	0.00813
     3	0.00813
    80	0.00813
   374	0.00813
     7	0.00813
     5	0.00813
     7	0.00813
    62	0.00813
     6	0.00813
  1424	0.00813
  1526	0.00813
    51	0.00813
    69	0.00813
   114	0.00813
 10186	0.00813
   150	0.00813
  1995	0.00813
   191	0.00813
   351	0.00813
    76	0.00813
    23	0.00813
  1224	0.00813
    50	0.00813
     8	0.00813
    92	0.00813
  1381	0.00813
   270	0.00813
    61	0.00813
    13	0.00813
  3185	0.00813
   668	0.00813
   106	0.00813
    29	0.00813
   117	0.00813
     4	0.00813
   929	0.00813
   682	0.00813
   599	0.00813
     9	0.00813
   640	0.00813
    10	0.00813
   663	0.00813
   379	0.00813
   366	0.00813
   165	0.00813
    19	0.00813
   148	0.00813
     6	0.00813
   730	0.00813
     6	0.00813
   753	0.00813
    19	0.01435
     4	0.01435
   235	0.01435
    46	0.01435
   282	0.01435
   185	0.01435
    52	0.01435
     5	0.01435
     4	0.01435
   179	0.01435
   175	0.01435
    40	0.01435
    99	0.01435
  4041	0.01435
    41	0.01435
    16	0.01435
     3	0.01435
   201	0.01435
   925	0.01435
    10	0.01435
    79	0.01435
    31	0.01435
   169	0.01435
    68	0.01435
     2	0.01435
     3	0.01435
  1981	0.01435
   407	0.01435
   663	0.01435
  1913	0.01435
   775	0.01435
   118	0.01435
  1066	0.01435
  2239	0.01435
   615	0.01435
   336	0.01435
   523	0.01435
    83	0.01435
   868	0.01435
  1863	0.01435
   812	0.01435
    41	0.01435
   172	0.01435
   126	0.01435
  1457	0.01435
    47	0.01435
   663	0.01435
   259	0.01435
   120	0.01435
   600	0.01435
  1530	0.01435
   845	0.01435
  1013	0.01435
  1061	0.01435
    17	0.01435
   474	0.01435
   467	0.01435
   669	0.01435
   630	0.01435
   704	0.01435
   583	0.01435
    24	0.01435
   934	0.01435
   815	0.01435
   505	0.01435
  2603	0.01435
   225	0.01435
  1039	0.01435
  1006	0.01435
  3504	0.01435
   162	0.01435
  5798	0.01435
   898	0.01435
   308	0.01435
    83	0.01435
  4014	0.01435
   604	0.01435
  3605	0.01435
   898	0.01435
    16	0.01435
   824	0.01435
    88	0.01435
   523	0.01435
   388	0.01435
  4254	0.01435
    21	0.01435
   526	0.01435
   152	0.01435
    90	0.01435
    85	0.01435
    83	0.01435
   234	0.01435
   785	0.01435
  1703	0.01435
   927	0.01435
   338	0.01435
   642	0.01435
  1029	0.01435
    38	0.01435
   454	0.01435
   237	0.01435
   930	0.01435
  1703	0.01435
  2067	0.01435
   480	0.01435
  7745	0.01435
  5340	0.01435
  1813	0.01435
  3698	0.01435
   586	0.01435
   802	0.01435
     4	0.01435
    34	0.01435
    11	0.01435
     9	0.01435
    40	0.01435
  1433	0.01435
   262	0.01435
    81	0.01435
    11	0.01435
    17	0.01435
   104	0.01435
  1792	0.01435
   303	0.01435
   136	0.01435
     3	0.01435
     2	0.01435
   882	0.01435
    23	0.01435
    10	0.01435
   1208621
   24
