 299
   325	0.01096
    75	0.01096
   107	0.01096
    57	0.01096
    13	0.01096
     2	0.01096
    28	0.01096
   398	0.01096
     6	0.01096
  1207	0.01096
  1094	0.01096
   106	0.01096
     6	0.01096
    32	0.01096
    20	0.01096
    64	0.01096
   862	0.01096
    39	0.01096
     6	0.01096
   744	0.01096
  1771	0.01096
   808	0.01096
    83	0.01096
   105	0.01096
     2	0.01096
   443	0.01096
   282	0.01096
   455	0.01096
   722	0.01096
    16	0.01096
     8	0.01096
    17	0.01096
    16	0.01096
   164	0.01096
    37	0.01096
     8	0.01096
   419	0.01096
    10	0.01096
   312	0.01096
    39	0.00984
     7	0.00984
    93	0.00984
    72	0.00984
    62	0.00984
     2	0.00984
     3	0.00984
     4	0.00984
   276	0.00984
   191	0.00984
     7	0.00984
     2	0.00984
    33	0.00984
    50	0.00984
   328	0.00984
    45	0.00984
   127	0.00984
    30	0.01120
   219	0.01120
     2	0.01120
    24	0.01120
    57	0.01120
     3	0.01120
  1027	0.01120
     9	0.01120
   135	0.01120
     2	0.01120
     8	0.01120
     2	0.01120
   140	0.01120
    14	0.01120
   147	0.01120
     5	0.01120
    27	0.01120
    39	0.01120
   126	0.01120
    13	0.01120
   828	0.01120
    26	0.01120
   359	0.01120
    68	0.01120
     3	0.01120
    99	0.01120
    21	0.01120
    72	0.01120
    79	0.01120
    14	0.01120
     6	0.01120
    43	0.01120
     6	0.01334
    88	0.01334
    12	0.01334
   167	0.01334
   349	0.01334
     7	0.01334
   170	0.01334
    11	0.01334
   141	0.01334
   255	0.01334
    45	0.01334
   336	0.01334
     7	0.01334
    10	0.01334
    73	0.01334
    40	0.01334
    81	0.01334
   464	0.01334
    10	0.01334
     9	0.01463
    15	0.01463
    28	0.01463
    66	0.01463
    11	0.01463
    43	0.01463
    56	0.01463
     4	0.01463
    27	0.01463
    41	0.01463
    44	0.01463
    46	0.01463
    35	0.01463
   246	0.01463
   127	0.01463
   415	0.01463
    24	0.01017
   506	0.01017
    53	0.01017
   273	0.01017
    26	0.01017
    46	0.01017
     7	0.01017
   160	0.01017
   233	0.01017
   536	0.01017
    31	0.01017
   264	0.01017
   536	0.01017
   552	0.01017
     4	0.01017
     7	0.01017
     5	0.01017
    26	0.01017
   155	0.01017
    95	0.01017
    98	0.01017
    11	0.01017
    53	0.01017
    99	0.01017
     7	0.01017
   107	0.01017
   187	0.01017
     8	0.01103
    15	0.01103
   260	0.01103
    16	0.01103
  2091	0.01103
  1866	0.01103
   116	0.01103
     2	0.01103
     4	0.01103
    64	0.01103
    57	0.01103
   152	0.01103
    69	0.01103
    67	0.01103
    24	0.01103
  1541	0.01103
   108	0.01103
   213	0.01103
   245	0.01103
    26	0.01103
   113	0.01103
   217	0.01103
   189	0.01103
    17	0.01103
   322	0.01103
     2	0.01103
   860	0.01103
    57	0.01103
    37	0.01210
    16	0.01210
   104	0.01210
     9	0.01210
    16	0.01210
   182	0.01210
   131	0.01210
     3	0.01210
    11	0.01210
    15	0.01210
    19	0.01210
   539	0.01210
    26	0.01210
   329	0.01210
    73	0.01210
    10	0.01210
     5	0.01210
    14	0.01210
    24	0.01210
   275	0.01210
    28	0.01210
    97	0.01210
   220	0.01210
  1815	0.01210
    13	0.01210
   117	0.01210
    15	0.01210
   572	0.01210
    49	0.01210
   200	0.01205
   126	0.01205
   489	0.01205
    15	0.01205
   144	0.01205
    52	0.01205
    54	0.01205
    36	0.01205
   208	0.01205
   168	0.01205
    30	0.01205
   146	0.01205
   150	0.01205
    59	0.01205
   380	0.01205
   395	0.01205
   129	0.01205
    43	0.01205
    99	0.01205
     2	0.01205
    10	0.01205
    11	0.01205
   114	0.01205
   141	0.01205
   345	0.01099
   280	0.01099
    48	0.01099
    61	0.01099
    14	0.01099
    34	0.01099
     6	0.01099
  5046	0.01099
    82	0.01099
   187	0.01099
   468	0.01099
   315	0.01099
   678	0.01099
   908	0.01136
    79	0.01136
   414	0.01136
   155	0.01136
    81	0.01136
   128	0.01136
    17	0.01136
     2	0.01136
     2	0.01136
   194	0.01136
   416	0.01136
   119	0.01136
   127	0.01136
    53	0.01136
    15	0.01136
    21	0.01136
    34	0.01136
    93	0.01136
     6	0.01136
   163	0.01136
    99	0.01259
    55	0.01259
    11	0.01259
   528	0.01259
  1219	0.01259
    25	0.01259
   146	0.01259
     8	0.01259
    48	0.01259
   410	0.01259
   966	0.01259
   287	0.01259
    82	0.01259
    20	0.01259
     5	0.01259
    26	0.01259
  1157	0.01259
    43	0.01259
   783	0.01259
   315	0.01259
    94	0.01259
    16	0.01259
    56	0.01259
   231	0.01259
   305	0.01259
   139	0.01259
     6	0.01259
    23	0.01259
     4	0.01259
    12	0.01259
    12	0.01259
   257	0.01259
    29	0.01259
     7	0.01259
    26	0.01259
   3314151
   18
