  33
     2	0.01601
  1421	0.01601
  3788	0.01601
    15	0.01601
    57	0.01601
    64	0.01601
    25	0.01601
   291	0.01601
    44	0.01601
   826	0.01601
  7677	0.01601
    15	0.01601
   185	0.01601
   355	0.01601
   176	0.01601
  2854	0.01601
  1160	0.01601
  3631	0.01601
    26	0.01601
     2	0.01601
     2	0.01601
    50	0.01601
     6	0.01601
     8	0.01601
   854	0.01601
    34	0.01601
  2407	0.01601
   408	0.01601
   496	0.01601
     7	0.01601
     8	0.01601
   406	0.01601
  1117	0.01601
    259516
   24
